id	bits.on
0343_00004	10,11,12,13,19,20,21,144,145,179,180,186,187,193,194,284,285,287,309,333,334,335,336,340,342,345,347,353,367,375,381,407,421,441,444,453,536,572,580,583,618,638,680,681,685,689,690,693,697,698,699,700,705,709,710,711,712,713,777,778,798,799,819,820,840,861
0343_00008	10,11,12,13,19,20,21,144,145,179,180,186,187,193,194,284,285,287,309,333,334,335,336,340,342,345,347,353,367,375,381,407,421,441,444,453,536,572,580,583,618,638,680,681,685,689,690,691,693,697,698,699,700,702,705,709,710,711,712,713,777,778,798,799,819,820,840,861
0343_00010	10,11,12,13,19,20,21,144,145,179,180,183,186,187,193,284,285,287,309,333,334,335,336,340,342,345,347,353,367,375,381,407,417,421,431,433,435,441,442,444,447,453,491,525,536,554,557,572,580,583,600,618,638,641,642,661,672,679,680,681,685,689,690,693,697,698,699,700,705,709,710,711,712,713,777,778,798,799,819,820,840,861
0343_00011	10,11,12,13,15,19,20,21,144,145,179,180,186,187,193,194,284,285,286,287,300,309,333,334,335,336,340,342,345,346,347,352,353,366,367,375,381,391,393,394,407,421,440,441,444,452,453,529,536,537,541,567,572,580,583,593,603,614,618,638,644,646,647,657,660,680,681,684,685,689,690,691,693,697,698,699,700,702,705,709,710,711,712,713,777,778,798,799,819,820,840,861
0343_00012	10,11,12,13,15,19,20,21,34,144,145,179,180,186,187,193,194,284,285,286,287,294,300,309,333,334,335,336,340,342,345,346,347,350,352,353,354,366,367,369,375,391,393,394,407,409,415,421,440,444,452,458,459,460,466,529,536,541,572,580,583,593,614,618,638,644,646,647,657,680,681,684,685,689,690,691,693,697,698,699,700,702,705,709,710,711,712,713,777,778,798,799,819,820,840,861
0343_00013	10,11,12,13,19,20,21,144,145,179,180,183,186,187,193,284,285,287,309,333,334,335,336,338,342,345,347,353,367,375,407,417,421,431,433,435,442,444,447,463,491,525,536,538,554,557,572,580,583,600,618,638,640,641,661,672,679,680,681,685,687,689,690,693,695,697,698,699,700,705,707,709,710,711,712,713,777,798,819,840,841,861,862
0343_00018	10,11,12,13,19,20,21,144,145,179,180,186,187,193,194,284,285,287,309,333,334,335,336,340,342,345,347,353,367,375,381,407,421,441,444,453,536,568,572,580,583,618,638,664,680,681,682,685,689,690,691,693,697,698,699,700,702,705,709,710,711,712,713,777,778,798,799,819,820,825,840,861
0343_00029	10,11,12,13,19,20,21,144,145,179,180,186,187,193,194,284,285,287,309,333,334,335,336,340,342,345,347,353,367,375,381,407,421,441,444,453,536,572,580,583,618,638,680,681,685,689,690,691,693,697,698,699,700,702,705,709,710,711,712,713,777,778,798,799,819,820,840,861
0343_00033	10,11,12,13,19,20,21,144,145,179,180,186,187,193,194,284,285,287,309,333,334,335,336,340,342,345,347,353,367,375,381,407,421,441,444,453,536,572,580,583,618,638,680,681,685,689,690,691,693,697,698,699,700,702,705,709,710,711,712,713,777,778,798,799,819,820,840,861
0343_00040	10,11,12,15,19,20,21,284,285,286,287,333,340,342,345,346,347,352,353,366,367,375,381,391,392,406,421,441,444,453,536,541,567,580,582,583,593,614,615,616,638,640,643,660,680,681,683,685,686,690,693
0343_00041	10,11,12,13,19,20,144,145,179,180,186,187,193,194,284,285,287,309,333,334,335,336,342,345,353,375,381,407,421,433,441,444,453,536,580,583,618,638,680,681,685,689,690,693,697,698,699,700,705,709,710,711,712,713,777,798,819,840,861
0343_00042	10,11,12,13,19,20,21,144,145,179,180,186,187,193,194,284,285,287,309,333,334,335,336,340,342,345,347,353,367,375,381,407,421,433,441,444,453,536,572,580,583,618,638,680,681,685,689,690,693,694,697,698,699,700,705,706,709,710,711,712,713,777,778,798,799,819,840,861
0343_00043	10,11,12,13,19,20,21,144,145,179,180,186,187,193,194,284,285,287,309,333,334,335,336,340,342,345,347,353,367,375,381,407,421,441,444,453,536,572,580,583,618,638,680,681,682,685,689,690,693,697,698,699,700,705,709,710,711,712,713,777,778,798,799,819,820,840,861
0343_00044	10,11,12,13,19,20,21,144,145,179,180,186,187,193,194,284,285,287,309,333,334,335,336,342,345,353,375,381,407,421,433,441,444,453,536,580,583,618,638,680,681,685,689,690,693,695,697,698,699,700,705,707,709,710,711,712,713,777,798,819,840,861
0343_00048	10,11,12,13,15,19,20,21,144,145,179,180,186,187,193,194,284,285,286,287,300,309,333,334,335,336,340,342,345,346,347,352,353,366,367,375,381,391,393,394,407,421,440,441,444,452,453,529,536,537,541,567,572,580,583,593,603,614,618,638,644,646,647,657,660,680,681,684,685,689,690,691,693,697,698,699,700,702,705,709,710,711,712,713,777,778,798,799,819,820,840,861
0343_00049	10,11,12,15,19,20,21,284,285,286,287,309,333,340,342,345,346,347,352,353,366,367,375,381,391,392,406,407,421,441,444,453,536,541,567,572,580,582,593,614,615,616,618,638,640,643,660,683,686
0343_00050	10,11,12,13,19,20,21,144,145,179,180,183,186,187,193,284,285,287,309,333,334,335,336,340,342,345,347,353,367,375,407,417,421,431,433,435,442,444,447,463,491,525,536,538,554,557,572,580,583,600,618,638,641,661,672,679,680,681,685,689,690,693,694,697,698,699,700,705,706,709,710,711,712,713,777,778,798,799,819,820,840,861
0343_00051	10,11,12,13,19,20,144,145,179,180,186,187,193,194,284,285,287,309,333,334,335,336,340,342,345,347,353,367,375,381,407,421,441,444,453,536,572,580,583,618,638,680,681,685,689,690,693,697,698,699,700,705,709,710,711,712,713,777,778,798,799,819,840,861
0343_00052	10,11,12,13,19,20,21,144,145,179,180,186,187,193,194,284,285,287,309,333,334,335,336,340,342,345,347,353,367,375,381,407,421,441,444,453,536,572,580,583,618,638,680,681,685,689,690,693,697,698,699,700,705,709,710,711,712,713,777,778,798,799,819,820,840,861
0343_00053	10,11,12,13,19,20,21,144,145,179,180,186,187,193,194,284,285,287,309,333,334,335,336,340,342,345,347,353,367,375,381,407,421,441,444,453,536,572,580,583,618,638,680,681,682,685,689,690,693,697,698,699,700,705,709,710,711,712,713,777,778,798,799,819,820,840,861
0343_00055	10,11,12,13,19,20,21,144,145,179,180,186,187,193,194,284,285,287,309,333,334,335,336,340,342,345,347,353,367,375,381,407,421,433,441,444,453,536,572,580,583,618,638,680,681,685,689,690,691,693,694,697,698,699,700,702,705,706,709,710,711,712,713,777,778,798,799,819,820,840,861
0343_00056	10,11,12,13,19,20,21,144,145,179,180,186,187,193,194,284,285,287,309,333,334,335,336,340,342,345,347,353,367,375,381,407,421,441,444,453,536,568,572,580,583,618,638,664,680,681,682,685,689,690,691,693,697,698,699,700,702,705,709,710,711,712,713,777,778,798,799,819,820,825,840,861
0343_00058	10,11,12,13,15,19,20,21,34,144,145,179,180,186,187,193,194,284,285,286,287,294,300,309,333,334,335,336,340,342,345,346,347,350,352,353,354,366,367,369,375,391,393,394,407,409,415,421,440,444,452,458,459,460,466,529,536,541,572,580,583,593,614,618,638,644,646,647,657,680,681,684,685,689,690,693,697,698,699,700,705,709,710,711,712,713,777,778,798,799,819,840,861
0343_00059	10,11,12,13,15,19,20,21,34,144,145,179,180,186,187,193,194,284,285,286,287,294,300,309,333,334,335,336,340,342,345,346,347,350,352,353,354,366,367,369,375,391,393,394,407,409,415,421,440,444,452,458,459,460,466,529,536,541,572,580,583,593,614,618,638,644,646,647,657,680,681,684,685,689,690,693,697,698,699,700,705,709,710,711,712,713,777,778,798,799,819,820,840,861
0343_00060	10,11,12,13,15,19,20,21,34,144,145,179,180,186,187,193,194,284,285,286,287,294,300,309,333,334,335,336,340,342,345,346,347,350,352,353,354,366,367,369,375,391,393,394,407,409,415,421,440,444,452,458,459,460,466,529,536,541,568,572,580,583,593,614,618,638,644,646,647,657,664,680,681,682,684,685,689,690,691,693,697,698,699,700,702,705,709,710,711,712,713,777,778,798,799,819,820,825,840,861
0343_00061	10,11,12,15,19,20,21,284,285,286,287,333,340,342,345,346,347,352,353,366,367,375,381,391,392,406,421,441,444,453,536,541,567,580,582,593,614,615,616,638,640,643,660,683,686
0343_00062	10,11,12,15,19,20,21,284,285,286,287,333,340,342,345,346,347,352,353,366,367,375,381,391,392,406,421,441,444,453,536,541,567,580,582,583,593,614,615,616,638,640,643,660,680,681,683,685,686,690,693
0343_00064	10,11,12,13,15,19,20,21,284,285,286,287,333,340,342,345,346,347,352,353,366,367,375,381,391,392,406,421,441,444,453,536,541,567,580,582,583,593,614,615,616,638,640,643,660,680,681,683,685,686,689,690,693,697,699,705
0343_00065	10,11,12,13,15,19,20,21,284,285,286,287,333,340,342,345,346,347,352,353,366,367,375,381,391,392,406,417,421,435,441,442,444,447,453,491,517,525,536,541,554,557,567,574,580,582,583,593,595,600,614,615,616,620,638,640,641,643,660,661,667,672,673,679,680,683,686,689,697
0343_00066	10,11,12,13,15,19,20,21,284,285,286,287,333,340,342,345,346,347,352,353,366,367,375,381,391,392,406,421,441,444,453,536,541,567,580,582,583,593,614,615,616,638,640,643,660,680,681,683,685,686,689,690,693,697,699,705
0343_00067	10,11,12,13,19,20,21,144,145,179,180,186,187,193,194,284,285,287,309,333,334,335,336,340,342,345,347,353,367,375,381,407,421,441,444,453,536,572,580,583,618,638,680,681,685,689,690,691,693,697,698,699,700,702,705,709,710,711,712,713,777,778,798,799,819,820,840,861
0343_00069	10,11,12,13,19,20,21,144,145,179,180,186,187,193,194,284,285,287,309,333,334,335,336,340,342,345,347,353,367,375,381,407,421,441,444,453,536,572,580,583,618,638,680,681,685,689,690,691,693,697,698,699,700,702,705,709,710,711,712,713,777,778,798,799,819,820,840,861
0343_00070	10,11,12,13,15,19,20,21,34,144,145,179,180,186,187,193,194,284,285,286,287,294,300,309,333,334,335,336,340,342,345,346,347,350,352,353,354,366,367,369,375,391,393,394,407,409,415,421,440,444,452,458,459,460,466,529,536,541,572,580,583,593,614,618,638,644,646,647,657,680,681,684,685,689,690,691,693,697,698,699,700,702,705,709,710,711,712,713,777,778,798,799,819,820,840,861
0343_00074	10,11,12,15,19,20,21,284,285,286,287,333,334,336,340,342,345,346,347,352,353,366,367,375,381,391,392,406,421,441,444,453,536,541,567,580,582,593,614,615,616,638,640,643,660,683,686
0343_00075	10,11,12,15,19,20,21,284,285,286,287,333,334,336,340,342,345,346,347,352,353,366,367,375,381,391,392,406,421,441,444,453,536,541,567,580,582,593,614,615,616,638,640,643,660,683,686,709
0343_00077	10,11,12,13,15,19,20,21,284,285,286,287,309,333,340,342,345,346,347,352,353,366,367,375,381,391,392,406,407,421,441,444,453,536,541,567,572,580,582,583,593,614,615,616,618,638,640,643,660,680,681,683,685,686,689,690,693,697,699,705
0343_00078	10,11,12,15,19,20,21,284,285,286,287,333,340,342,345,346,347,352,353,366,367,375,381,391,392,406,421,441,444,453,536,541,567,580,582,593,614,615,616,638,640,643,660,683,686
0343_00079	10,11,12,13,15,19,20,21,284,285,286,287,333,340,342,345,346,347,352,353,366,367,375,381,391,392,406,421,441,444,453,536,541,567,580,582,583,593,614,615,616,638,640,643,660,680,681,683,685,686,689,690,693,697,699,705
0343_00081	10,11,12,13,15,19,20,21,284,285,286,287,309,333,340,342,345,346,347,352,353,366,367,375,381,391,392,406,407,421,441,444,453,536,541,567,572,580,582,583,593,614,615,616,618,638,640,643,660,680,681,683,685,686,689,690,693,697,699,705
0343_00082	10,11,12,13,15,19,20,21,284,285,286,287,333,340,342,345,346,347,352,353,366,367,375,381,391,392,406,417,421,435,441,442,444,447,453,491,517,525,536,541,557,567,580,582,583,593,600,614,615,616,638,640,641,643,660,661,679,680,681,683,685,686,689,690,693,697,699,705
0343_00084	10,11,12,13,15,19,20,21,34,144,145,179,180,186,187,193,194,284,285,286,287,294,300,309,333,334,335,336,340,342,345,346,347,350,352,353,354,366,367,369,375,391,393,394,407,409,415,421,440,444,452,458,459,460,466,529,536,541,572,580,583,593,614,618,638,644,646,647,657,680,681,684,685,689,690,691,693,697,698,699,700,702,705,709,710,711,712,713,777,778,798,799,819,820,840,861
0343_00086	10,11,12,15,19,20,21,284,285,286,287,333,334,340,342,345,346,347,352,353,366,367,375,381,391,392,406,417,421,431,435,441,442,444,447,453,525,536,541,554,567,574,580,582,593,595,600,614,615,616,620,638,640,643,660,667,672,673,683,686
0343_00087	10,11,12,15,19,20,21,284,285,286,287,333,340,342,345,346,347,352,353,366,367,375,381,391,392,406,421,441,444,453,536,541,567,580,582,583,593,614,615,616,638,640,643,660,681,683,685,686
0343_00089	10,11,12,15,19,20,21,284,285,286,287,333,340,342,345,346,347,352,353,366,367,375,381,391,392,406,417,421,435,441,442,444,447,453,491,517,525,536,541,554,557,567,574,580,582,583,593,595,600,614,615,616,620,638,640,641,643,660,661,667,672,673,679,680,683,686
0343_00090	10,11,12,15,19,20,21,284,285,286,287,333,340,342,345,346,347,352,353,366,367,375,381,391,392,406,421,441,444,453,536,541,567,580,582,583,593,614,615,616,638,640,643,660,680,681,683,685,686,689,690,693,697,699,705
0343_00091	10,11,12,15,19,20,21,284,285,286,287,309,333,334,336,340,342,345,346,347,352,353,366,367,375,381,391,392,406,407,421,441,444,453,536,541,567,580,582,583,593,614,615,616,618,638,640,643,660,681,683,685,686,691,694,695,701,709,711
0343_00092	10,11,12,13,15,19,20,21,284,285,286,287,333,340,342,345,346,347,352,353,366,367,375,381,391,392,406,417,421,435,441,442,444,447,453,491,517,525,536,541,554,557,567,574,580,582,583,593,595,600,614,615,616,620,638,640,641,643,660,661,667,672,673,679,680,683,686,689,697
0343_00093	10,11,12,13,15,19,20,21,284,285,286,287,333,340,342,345,346,347,352,353,366,367,375,381,391,392,406,421,441,444,453,536,541,567,580,582,583,593,614,615,616,638,640,643,660,680,681,683,685,686,689,690,693,697,699,705
0343_00094	10,11,12,13,15,19,20,21,284,285,286,287,333,340,342,345,346,347,352,353,366,367,375,381,391,392,406,417,421,435,441,442,444,447,453,491,517,525,536,541,557,567,580,582,583,593,600,614,615,616,638,640,641,643,660,661,679,680,681,683,685,686,689,690,693,697,699,705
0343_00095	10,11,12,13,15,19,20,21,284,285,286,287,333,340,342,345,346,347,352,353,366,367,375,381,391,392,406,421,441,444,453,536,541,567,580,582,583,593,614,615,616,638,640,643,660,680,681,683,685,686,689,690,693,697,699,705
0343_00097	10,11,19,20,21,284,285,287,309,333,334,345,353,375,381,407,417,421,431,435,441,442,444,447,453,525,536,554,574,600,618,620,668,672,673
0343_00100	10,11,12,19,20,284,285,287,309,333,340,342,345,347,353,367,375,381,407,421,441,444,453,463,536,538,568,572,580,583,618,638,664,680,681,685,689,690,693,697,699,705
0343_00102	10,11,12,13,19,20,284,285,287,309,333,334,336,345,353,375,381,407,421,441,444,453,536,580,583,618,638,680,681,685,689,690,693,697,698,699,705,709,710,711
0343_00103	10,11,12,13,19,20,284,285,287,309,333,340,342,345,347,353,367,375,381,407,421,441,444,453,463,536,538,568,572,580,583,618,638,664,680,681,685,689,690,693,697,699,705
0343_00104	10,11,12,13,19,20,284,285,287,309,333,334,336,345,353,375,381,407,421,441,444,453,536,580,583,618,638,680,681,685,689,690,693,697,698,699,705,709,710
0343_00105	10,11,12,13,19,20,284,285,287,309,333,334,336,345,353,375,381,407,421,441,444,453,536,580,583,618,638,680,681,685,689,690,693,697,698,699,705,709,710
0343_00106	10,11,12,13,19,20,284,285,287,309,333,345,353,375,381,407,417,421,435,441,442,444,447,453,491,517,525,536,557,580,583,600,618,638,641,661,679,680,681,685,689,690,693,697,699,705
0343_00107	10,11,12,13,19,20,284,285,287,309,333,345,353,375,381,407,417,421,435,441,442,444,447,453,491,517,525,536,557,580,583,600,618,638,641,661,679,680
0343_00110	10,11,12,13,19,20,284,285,287,309,333,345,353,375,381,407,417,421,435,441,442,444,447,453,491,517,525,536,557,580,583,600,618,638,641,661,679,680,681,685,689,690,693,697,699,705
0343_00113	10,11,12,13,19,20,284,285,287,309,333,334,336,345,353,375,381,407,421,441,444,453,536,580,583,618,638,680,681,685,689,690,693,697,698,699,705,709,710,711
0343_00123	10,11,12,19,20,284,285,287,309,333,345,353,375,381,407,421,441,444,453,536,580,583,618,638,680,681,685,689,690,693,697,699,705
0343_00126	10,11,12,13,19,20,284,285,287,309,333,334,336,345,353,375,381,407,421,441,444,453,536,580,583,618,638,680,681,685,689,690,693,697,698,699,705,709,710
0343_00128	10,11,12,13,19,20,284,285,287,309,333,345,353,375,381,407,417,421,435,441,442,444,447,453,491,517,525,536,557,580,583,600,618,638,641,661,679,681,685
0343_00135	10,11,19,20,284,285,287,309,333,334,336,345,353,375,381,407,417,421,435,441,442,444,447,453,491,517,536,557,580,600,618,638,641,709
0343_00138	10,11,19,20,21,284,285,287,309,333,345,353,381,407,417,421,435,441,442,444,447,453,517,525,554,565,574,600,620,665,668,672,673
0343_00140	10,11,19,20,21,284,285,287,309,333,334,335,345,353,375,381,407,421,441,444,453,536,580,583,618,638,681,685,691,694,695,709,711,712
0343_00147	10,11,12,19,20,284,285,287,309,333,345,353,375,381,407,417,421,435,441,442,444,447,453,491,517,525,554,557,574,583,600,620,641,661,668,672,673,679,680
0343_00148	10,11,12,19,20,284,285,287,309,333,345,353,381,407,417,421,435,441,442,444,447,453,491,517,536,557,580,583,600,618,638,641,680,681,685,689,690,693,697,699,705
0343_00150	10,11,12,19,20,21,284,285,287,309,333,345,353,381,407,417,421,435,441,442,444,447,453,491,517,525,536,554,557,574,580,583,600,618,620,638,641,661,668,672,673,679,680,681,685,689,690,693,697,699,705
0343_00152	10,11,12,13,19,20,284,285,287,309,333,345,353,375,381,407,421,441,444,453,536,580,583,618,638,680,681,685,689,690,693,697,699,705
0343_00155	10,11,12,13,19,20,284,285,287,309,333,345,353,375,381,407,417,421,435,441,442,444,447,453,491,517,525,536,557,580,583,600,618,638,641,661,679,680,681,685,689,697
0343_00156	10,11,12,13,19,20,284,285,287,309,333,345,353,375,381,407,417,421,435,441,442,444,447,453,491,517,525,536,557,580,600,618,638,641,661,679
0343_00158	10,11,12,19,20,284,285,287,309,333,340,342,345,347,353,367,375,381,407,421,441,444,453,536,572,580,582,583,618,638,640,643,680,681,685,689,690,693,697,699,705
0343_00161	10,11,12,19,20,284,285,287,309,333,345,347,353,367,381,407,417,421,435,441,442,444,447,453,491,517,525,554,557,572,574,583,600,618,620,638,641,661,668,672,673,679,680,681,689,690,697,699
0343_00162	10,11,12,19,20,284,285,287,309,333,345,347,353,367,381,407,421,441,444,453,536,572,580,583,618,638,680,681,685,689,690,693,697,699,705
0343_00178	10,11,12,13,19,20,284,285,287,309,333,345,353,375,381,407,421,441,444,453,536,580,583,618,638,680,681,685,689,690,693,697,699,705
0343_00185	10,11,12,19,20,21,284,285,287,309,333,345,353,381,407,421,441,444,453,536,580,583,618,638,680,681,685,689,690,693,697,699,705
0343_00188	10,11,12,13,19,20,284,285,287,309,333,340,342,345,347,353,367,375,381,407,417,421,435,441,442,444,447,453,491,517,525,536,557,572,580,583,600,618,638,641,642,661,679,680,681,685,689,690,693,697,699,705
0343_00189	10,11,12,13,19,20,21,284,285,287,309,333,340,342,345,347,353,367,381,407,421,441,444,453,536,568,572,580,583,618,638,664,680,681,685,689,690,693,697,699,705
0343_00194	10,11,12,15,16,17,19,20,21,144,146,147,151,154,179,181,182,256,257,258,259,284,285,286,287,300,309,333,340,341,342,345,346,347,352,353,356,358,359,360,366,367,374,376,377,378,379,380,382,385,387,388,389,390,391,392,393,394,397,398,400,401,404,406,407,417,419,421,432,438,439,440,442,443,444,448,450,451,452,454,465,473,483,485,486,488,489,492,494,495,496,500,505,507,520,522,524,528,529,531,536,537,539,541,546,548,550,554,556,561,567,568,570,572,573,581,583,586,593,594,597,602,603,612,613,614,615,618,622,625,629,637,638,639,640,647,648,655,657,658,660,663,664,674,675,681,682,683,684,691,692,703
0343_00195	10,11,12,15,16,17,19,20,21,22,31,144,146,147,151,154,179,181,182,256,257,258,259,284,285,286,287,300,309,315,333,340,341,342,345,346,347,352,353,356,358,359,360,366,367,374,376,377,378,379,380,382,385,387,388,389,390,391,392,393,394,397,398,400,401,404,406,407,408,412,417,419,421,426,432,438,439,440,442,443,444,448,450,451,452,454,457,465,473,483,485,486,488,489,492,494,495,496,500,505,507,520,522,524,528,529,531,536,537,539,541,546,548,550,554,556,561,567,568,570,572,573,581,583,586,593,594,597,602,603,612,613,614,615,618,622,625,629,637,638,639,640,647,648,655,657,658,660,663,664,674,675,681,682,683,684,691,692,703
0343_00196	10,11,12,15,16,17,19,20,21,144,146,147,151,154,179,181,182,256,257,258,259,284,285,286,287,300,309,333,340,341,342,345,346,347,352,353,356,358,359,360,366,367,374,376,377,378,379,380,382,385,387,388,389,390,391,392,393,394,397,398,400,401,404,406,407,417,419,421,432,438,439,440,442,443,444,448,450,451,452,454,465,473,483,485,486,488,489,492,494,495,496,500,505,507,520,522,524,528,531,536,537,539,541,546,548,550,554,556,561,567,568,570,572,573,581,583,586,593,594,597,602,603,612,613,614,615,618,622,625,629,637,638,639,640,648,655,657,658,660,663,664,674,675,681,682,683,684,691,692,703
0343_00197	10,11,12,15,16,19,20,21,144,147,179,181,182,256,257,284,285,286,287,300,309,333,334,340,342,345,346,347,352,353,356,357,359,366,367,371,373,374,375,376,377,380,382,385,388,390,391,392,393,394,397,398,400,401,404,406,407,417,419,421,431,436,440,442,443,444,446,447,448,450,451,452,454,465,473,483,485,488,489,492,494,496,505,507,520,522,524,528,531,536,539,541,546,550,554,556,561,568,572,573,577,581,583,586,593,594,597,600,602,613,614,615,618,622,625,629,637,638,639,640,646,647,648,651,655,657,658,663,664,673,674,675,681,683,684,691,692,703
0343_00198	10,11,12,15,16,17,19,20,21,31,144,146,147,151,154,179,181,182,256,257,258,259,284,285,286,287,300,309,315,333,340,341,342,345,346,347,352,353,356,358,359,360,366,367,374,376,377,378,379,380,385,387,388,389,390,391,392,394,397,398,404,406,407,408,412,417,419,426,432,438,439,442,443,448,450,451,454,457,465,473,483,485,486,488,492,496,500,505,507,520,522,524,531,539,541,546,548,550,556,561,568,570,572,573,583,586,593,594,597,602,612,613,614,615,618,622,629,637,638,639,640,655,657,658,663,664,675,681,683,684,691,692,703
0343_00199	10,11,12,15,16,19,20,144,146,147,179,180,256,257,258,284,285,286,287,300,309,333,334,339,341,345,346,352,353,356,357,358,359,366,371,372,373,374,377,378,381,385,386,387,388,391,393,394,397,400,401,404,407,417,419,421,431,432,435,436,438,441,442,443,444,446,447,448,450,453,454,465,471,473,483,491,492,496,503,507,517,521,522,524,525,528,529,531,536,537,539,540,541,546,547,550,553,556,557,565,567,571,577,578,579,580,583,585,586,593,596,600,601,604,608,609,614,618,619,629,634,635,638,641,644,657,658,661,665,666,669,678,679,680,681,684,685,689,690,692,693,696,697,698,699,700,703,705,709,710,711,713,759,822
0343_00201	10,11,12,15,16,17,19,20,34,144,146,147,151,154,179,181,182,256,257,258,259,284,285,286,287,294,300,309,333,340,341,342,345,346,347,350,352,353,354,356,358,359,360,366,367,369,374,375,376,377,378,379,380,385,387,388,389,390,391,392,394,397,398,404,406,407,413,417,419,432,438,439,442,443,448,450,451,454,465,473,483,485,486,488,492,496,500,505,507,508,520,522,524,531,539,541,546,548,550,556,561,567,568,570,572,573,583,586,587,593,594,597,602,612,613,614,615,618,622,629,637,638,639,640,655,657,658,660,663,664,675,681,683,684
0343_00202	10,11,12,15,19,20,21,22,179,182,284,285,286,287,300,309,333,339,340,341,342,345,346,347,352,353,366,367,375,381,391,393,394,406,407,421,440,441,444,452,453,463,529,536,538,541,564,567,568,572,580,583,593,606,614,615,616,618,638,639,640,644,646,647,657,660,662,663,664,680,681,682,683,684,685,687,689,690,691,692,693,696,697,699,702,703,704,705,708
0343_00203	10,11,12,15,16,19,20,144,146,147,179,180,256,257,258,284,285,286,287,300,309,333,334,339,341,345,346,352,353,356,357,358,359,366,371,372,373,374,375,377,378,381,385,386,387,388,391,393,394,397,400,401,404,407,417,419,421,431,432,435,436,438,440,441,442,443,444,446,447,448,450,452,453,454,465,471,473,483,491,492,496,503,507,517,521,522,524,525,528,529,531,536,537,539,540,541,546,547,550,553,556,557,565,567,571,577,578,579,580,583,585,586,593,596,600,601,603,604,608,609,614,618,619,629,634,635,638,641,644,646,647,657,658,660,661,665,666,669,678,679,680,681,684,685,689,690,692,693,696,697,698,699,700,703,705,709,710,711,713,759,822
0343_00204	10,11,12,13,15,16,17,19,20,21,179,180,181,182,186,188,189,193,256,257,258,259,260,284,285,286,287,300,309,333,334,339,341,345,346,352,353,356,357,358,359,360,366,371,372,373,374,376,377,378,379,380,381,382,385,387,388,389,390,391,393,394,397,400,401,404,407,417,419,421,431,432,435,436,438,439,440,441,442,443,444,446,447,448,450,451,452,453,454,465,471,473,483,485,486,488,489,491,492,494,495,496,500,503,505,507,517,520,521,522,524,525,528,529,531,536,537,539,540,541,546,547,548,550,553,554,556,557,561,565,567,570,571,573,578,579,580,581,583,585,586,593,594,596,597,598,600,601,602,603,604,608,609,612,614,618,619,622,624,625,629,634,635,637,638,641,644,646,647,648,655,657,658,660,661,665,666,669,672,673,674,675,678,679,680,681,683,684,685,686,689,691,693,694,695,696,705,708,709,710,711,717,780
0343_00214	10,19,20,21,284,285,287,309,333,345,353,381,407,421,441,444,453,536,582,589,618,640,643
0343_00231	10,11,19,20,21,284,285,287,309,333,340,342,345,347,353,367,381,407,421,441,444,453,463,536,538,568,572,580,582,618,638,640,643,664,682,687,688
0343_00250	10,11,15,16,17,19,20,144,146,147,179,181,182,256,257,258,259,284,285,286,287,300,333,341,352,353,356,358,359,360,366,374,376,377,378,379,380,382,385,387,388,389,390,391,393,394,397,400,401,404,417,419,421,432,438,439,440,442,443,444,448,450,451,452,454,465,473,483,485,486,488,489,492,494,495,496,500,505,507,520,522,524,528,529,531,536,537,539,541,546,548,550,554,556,561,570,573,581,586,594,597,602,603,612,614,622,625,629,637,646,648,651,655,658,674,675
0343_00251	10,11,15,16,17,19,20,144,146,147,179,181,182,256,257,258,259,285,286,287,300,333,341,352,353,356,358,359,360,376,377,378,379,380,382,385,387,388,389,390,391,393,394,397,400,401,404,417,419,421,432,438,439,440,442,443,444,450,451,452,454,465,473,483,485,486,488,489,494,495,496,500,505,507,520,524,528,531,536,537,539,546,548,550,554,556,561,570,573,581,586,594,597,602,603,612,614,622,625,629,637,646,648,651,655,658,674,675
0343_00252	10,11,15,16,17,144,146,147,179,181,182,256,257,258,259,284,285,286,300,333,341,352,356,358,359,360,366,374,376,377,378,379,380,385,387,388,389,390,391,393,394,397,400,401,404,417,419,432,438,439,442,443,448,450,451,454,465,473,483,485,486,488,489,492,496,500,505,507,520,522,524,528,529,531,539,541,546,548,550,556,561,570,573,586,594,597,602,612,614,622,629,637,655,658,675
0343_00269	10,11,19,20,21,284,285,287,309,333,334,345,353,381,407,417,421,431,435,441,442,444,447,453,491,525,536,554,557,574,580,600,618,620,638,642,661,668,672,673,679,682,687,688
0343_00272	10,11,19,20,21,284,285,287,309,333,334,336,340,342,345,347,353,367,381,407,421,441,444,453,463,536,538,568,572,580,582,583,618,638,640,643,664,681,682,685,687,688,691,694,695,709,711
0343_00274	10,11,19,20,21,179,180,284,285,287,309,333,334,338,340,342,345,347,353,367,381,407,421,441,444,453,463,536,538,568,572,580,583,618,638,640,664,680,681,682,685,687,689,690,691,693,694,699,700,702,705,706,709,710,711,778,783,799,804,825
0343_00275	10,11,12,15,19,20,179,181,182,256,257,284,285,286,287,309,333,334,341,342,345,346,347,352,353,356,357,358,359,366,367,371,373,374,375,377,382,383,385,388,391,397,404,407,417,419,431,432,436,438,442,443,446,447,448,450,454,462,465,471,473,483,491,492,496,498,499,507,521,522,524,525,531,539,540,541,542,544,546,549,550,553,556,557,565,567,571,572,574,575,576,578,579,583,585,586,588,591,593,596,600,601,604,607,608,609,614,618,619,620,629,634,635,638,639,640,641,642,652,656,657,658,660,661,665,666,668,669,678,679,680,681,682,683,684,690,692,703,704,709,710,711,713
0343_00283	10,11,12,15,16,19,20,21,22,31,144,147,179,181,182,256,257,284,285,286,287,300,309,315,333,340,342,345,346,347,352,353,356,359,366,367,371,372,373,374,376,377,380,382,385,388,390,391,392,393,394,397,398,400,401,404,406,407,408,412,417,419,421,426,435,436,440,442,443,444,446,447,448,450,451,452,454,457,465,473,483,485,488,489,492,494,496,503,505,507,517,520,522,524,528,531,536,539,540,541,546,547,550,554,556,561,567,568,572,573,577,581,583,586,593,594,597,602,613,614,615,618,622,625,629,637,638,639,640,644,646,647,648,651,655,657,658,660,663,664,673,674,675,681,682,683,684,691,692,703
0343_00285	10,11,12,15,16,19,20,21,31,144,147,179,181,182,256,257,284,285,286,287,300,309,315,333,340,342,345,346,347,352,353,356,359,366,367,371,372,373,374,376,377,379,380,385,388,390,391,392,394,397,398,404,406,407,408,412,417,419,421,426,435,436,439,442,443,446,447,448,450,451,452,454,457,465,473,483,485,488,492,496,503,505,507,517,520,522,524,531,539,540,541,546,547,550,556,561,568,572,573,577,583,586,593,594,597,602,613,614,615,618,622,629,637,638,639,640,644,646,647,648,655,657,658,663,664,675,681,683,684,691,692,703
0343_00286	10,11,12,15,16,17,19,20,144,146,147,256,257,284,285,286,287,300,309,333,339,341,345,346,352,353,356,358,359,366,371,373,374,376,377,380,381,388,390,391,393,394,397,400,401,404,407,417,419,421,432,436,438,440,441,442,443,444,446,447,448,450,451,452,453,454,473,483,485,486,488,489,491,492,496,500,503,505,507,520,522,524,528,529,536,537,539,540,541,546,547,548,557,561,567,570,571,573,580,581,583,586,593,594,596,597,600,603,608,609,612,614,618,637,638,641,644,646,647,655,657,658,660,666,675,681,683,684,685,686,692,696,703
0343_00290	10,11,12,15,16,17,19,20,21,144,146,147,151,154,179,181,182,256,257,258,259,284,285,286,287,300,309,333,340,341,342,345,346,347,352,353,356,358,359,360,366,367,374,376,377,378,379,380,382,385,387,388,389,390,391,392,393,394,397,398,400,401,404,406,407,417,419,421,432,438,439,440,442,443,444,448,450,451,452,454,465,473,483,485,486,488,489,492,494,495,496,500,505,507,520,522,524,528,531,536,537,539,541,546,548,550,554,556,561,567,568,570,572,573,581,583,586,593,594,597,602,603,612,613,614,615,618,622,625,629,637,638,639,640,646,648,651,655,657,658,660,663,664,674,675,681,682,683,684,691,692,703
0343_00292	10,11,12,15,16,17,19,20,21,31,144,146,147,151,154,179,181,182,256,257,258,259,284,285,286,287,300,309,315,333,340,341,342,345,346,347,352,353,356,358,359,360,366,367,374,376,377,378,379,380,382,385,387,388,389,390,391,392,393,394,397,398,400,401,404,406,407,408,412,417,419,421,426,432,438,439,440,442,443,444,448,450,451,452,454,457,465,473,483,485,486,488,489,492,494,495,496,500,505,507,520,522,524,528,531,536,537,539,541,546,548,550,554,556,561,568,570,572,573,581,583,586,593,594,597,602,603,612,613,614,615,618,622,625,629,637,638,639,640,648,655,657,658,663,664,674,675,681,683,684,691,692,703
0343_00293	10,11,12,15,16,17,19,20,21,31,144,146,147,151,154,179,181,182,256,257,258,259,284,285,286,287,300,309,315,333,340,341,342,345,346,347,352,353,356,358,359,360,366,367,374,376,377,378,379,380,385,387,388,389,390,391,392,394,397,398,404,406,407,408,412,417,419,426,432,438,439,442,443,448,450,451,454,457,465,473,483,485,486,488,492,496,500,505,507,520,522,524,531,539,541,546,548,550,556,561,567,568,570,572,573,583,586,593,594,597,602,612,613,614,615,618,622,629,637,638,639,640,655,657,658,660,663,664,675,681,682,683,684,691,692,703
0343_00297	10,11,12,15,16,19,20,144,146,147,179,180,256,257,258,284,285,286,287,300,309,333,334,339,341,345,346,352,353,356,357,358,359,366,371,372,373,374,377,378,381,385,386,387,388,391,393,394,397,400,401,404,407,417,419,421,431,432,435,436,438,441,442,443,444,446,447,448,450,453,454,465,471,473,483,491,492,496,503,507,517,521,522,524,525,528,529,531,536,537,539,540,541,546,547,550,553,556,557,565,567,571,577,578,579,580,583,585,586,593,596,600,601,604,608,609,614,618,619,629,634,635,638,641,644,657,658,661,665,666,669,678,679,680,681,684,685,689,690,692,693,696,697,698,699,700,703,705,709,710,711,713,759,822
0343_00299	10,11,12,15,19,20,21,284,285,286,287,309,333,340,342,345,346,347,352,353,366,367,375,381,391,392,406,407,421,441,444,453,536,541,567,580,582,583,593,614,615,616,618,638,640,643,660,681,683,685,686,691,694,695,701
0343_00300	10,11,12,19,20,21,22,179,182,186,189,284,285,287,309,333,340,342,345,347,348,353,367,368,381,406,407,564,568,572,583,611,615,618,638,640,662,663,664,680,681,682,690,691,701,702
0343_00301	10,11,12,15,16,17,19,20,21,22,31,32,144,147,179,181,182,256,257,284,285,286,287,300,309,315,333,340,342,345,346,347,352,353,356,359,366,367,371,372,373,374,375,376,377,379,380,385,388,390,391,392,394,397,398,404,406,407,408,412,417,419,421,426,435,436,439,442,443,446,447,448,450,451,452,454,457,465,473,483,485,488,492,496,503,505,507,517,520,522,524,531,539,540,541,546,547,550,556,561,567,568,572,573,577,583,586,593,594,597,602,613,614,615,618,622,629,637,638,639,640,644,646,647,648,655,657,658,660,663,664,675,681,682,683,684,691,692,703
0343_00303	10,11,12,13,15,16,17,19,20,21,144,146,147,151,153,154,158,160,161,256,257,284,285,286,287,300,333,339,341,345,346,352,353,356,358,359,366,371,373,374,376,377,380,388,390,391,392,393,394,397,400,401,404,417,419,421,432,436,438,440,442,443,444,446,447,448,450,451,452,454,473,483,485,486,488,489,491,492,496,500,503,505,507,520,522,524,528,529,536,537,539,540,541,546,547,548,557,561,570,571,573,580,583,586,593,594,596,597,600,603,608,609,612,614,637,641,644,646,647,655,657,658,666,675,684,685,686,695,696
0343_00304	10,11,12,13,15,16,19,20,21,22,23,31,32,144,147,179,181,182,186,189,256,257,284,285,286,287,300,309,315,333,334,340,342,345,346,347,348,352,353,356,357,359,366,367,368,371,373,374,375,376,377,380,381,382,385,388,390,391,392,393,394,397,398,400,401,404,406,407,408,412,417,419,421,426,431,436,440,442,443,444,446,447,448,450,451,452,454,457,465,473,483,485,488,489,492,494,496,505,507,520,522,524,528,531,536,539,541,546,550,554,556,561,564,568,572,573,577,581,583,586,593,594,597,600,602,613,614,615,618,622,625,629,637,638,639,640,646,647,648,651,655,657,658,662,663,664,673,674,675,680,681,682,683,684,690,691,692,702,703
0343_00319	10,15,19,20,21,34,284,285,286,287,294,300,309,333,339,341,345,346,350,352,353,354,366,369,381,394,407,415,421,441,444,453,458,459,466,529,536,537,567,618,644
0343_00320	10,15,19,20,21,34,284,285,286,287,294,300,309,333,339,341,345,346,350,352,353,354,366,369,381,394,407,409,415,421,441,444,453,458,459,460,466,529,536,537,567,618,644
0343_00325	10,11,19,20,21,284,285,287,309,333,340,342,345,347,353,367,381,407,421,441,444,453,463,536,538,568,572,580,582,618,638,640,643,664,682,687,688
0343_00336	10,11,15,19,20,144,146,147,284,285,286,287,300,309,333,339,341,345,346,352,353,366,381,391,393,394,407,421,440,441,444,452,453,529,536,537,541,567,580,583,593,603,614,618,638,644,646,647,657,660,681,684,685,686,692,694,695,696
0343_00337	10,11,15,19,20,144,146,147,284,285,286,287,300,309,333,339,341,345,346,352,353,366,381,391,393,394,407,421,440,441,444,452,453,529,536,537,541,567,580,583,593,603,614,618,638,644,646,647,657,660,681,684,685,686,692,694,695,696
0343_00341	10,11,15,16,19,20,21,284,285,286,287,300,309,333,339,341,345,346,352,353,366,375,381,391,393,394,407,421,440,441,444,452,453,529,536,537,541,567,580,581,593,594,603,614,618,638,644,646,647,657,660,683,686,687,688
0343_00343	10,11,19,20,21,179,182,284,285,287,309,333,340,342,345,347,348,353,367,368,381,406,407,421,441,444,453,463,536,538,564,568,572,580,582,583,606,615,618,638,640,643,662,663,664,680,681,682,685,687,690,691,693,694,702,706
0343_00344	10,11,19,20,21,22,284,285,287,309,333,340,342,345,347,353,367,381,407,421,441,444,453,463,536,538,568,572,580,582,583,618,638,640,643,664,680,681,682,685,687,690,691,693,694,702,706
0343_00352	10,11,19,20,21,284,285,287,309,333,340,342,345,347,353,367,381,407,421,441,444,453,463,536,538,568,572,580,582,583,618,638,640,643,664,680,681,682,685,687,690,691,693,694,702,706
0343_00356	10,11,19,20,21,22,31,179,182,284,285,287,309,315,333,340,342,345,347,348,353,367,368,381,406,407,408,412,426,457,564,568,572,583,615,618,638,640,662,663,664,680,681,682,690,691,702
0343_00359	10,11,15,19,20,21,22,31,179,182,284,285,286,287,300,309,315,333,339,340,341,342,345,346,347,348,352,353,366,367,368,381,394,406,407,408,412,426,457,529,564,567,568,572,583,593,615,616,618,638,639,640,644,662,663,664,680,681,682,683,684,690,691,692,702,704
0343_00365	10,11,15,16,19,20,144,146,147,256,257,284,285,286,287,300,309,333,339,341,345,346,352,353,356,358,359,366,371,373,374,376,377,380,381,388,390,391,393,394,397,400,401,404,407,417,419,421,432,436,438,441,442,443,444,446,447,448,450,451,453,454,473,483,485,486,488,489,491,492,496,500,503,505,507,520,522,524,528,529,536,537,539,540,541,546,547,548,557,561,567,570,571,573,580,583,586,593,594,596,597,600,608,609,612,614,618,637,638,641,644,655,658,666,675,681,683,684,685,686,692,696,703
0343_00369	10,11,15,16,19,20,21,34,284,285,286,287,294,300,309,333,339,341,345,346,350,352,353,354,366,369,381,394,407,413,421,441,444,453,508,529,536,537,567,580,587,618,638,644,659
0343_00371	10,11,15,16,17,19,20,144,146,147,179,181,182,256,257,258,259,284,285,286,287,300,333,341,352,353,356,358,359,360,366,374,375,376,377,378,379,380,382,385,387,388,389,390,391,392,393,394,397,398,400,401,404,417,419,421,432,438,439,440,442,443,444,448,450,451,452,454,465,473,483,485,486,488,489,492,494,495,496,500,505,507,520,522,524,528,529,531,536,537,539,541,546,548,550,554,556,561,570,573,581,586,594,597,602,603,612,614,622,625,629,637,646,647,648,651,655,658,674,675
0343_00372	10,11,15,16,17,19,20,144,146,147,179,181,182,256,257,258,259,284,285,286,287,300,333,341,352,353,356,358,359,360,366,374,375,376,377,378,379,380,382,385,387,388,389,390,391,392,393,394,397,398,400,401,404,417,419,421,432,438,439,440,442,443,444,448,450,451,452,454,465,473,483,485,486,488,489,492,494,495,496,500,505,507,520,522,524,528,531,536,537,539,541,546,548,550,554,556,561,570,573,581,586,594,597,602,603,612,614,622,625,629,637,646,647,648,651,655,658,674,675
0343_00373	10,11,19,20,21,179,183,284,285,287,309,333,334,340,342,345,347,353,367,381,407,417,421,431,433,435,441,442,444,447,453,463,491,525,536,538,554,557,568,572,574,580,582,583,600,618,620,638,641,642,643,661,664,668,672,673,679,680,681,682,685,687,689,690,691,693,694,699,702,705,706
0343_00375	10,11,12,15,19,20,179,180,256,284,285,286,287,300,309,333,334,342,345,346,352,353,356,357,366,371,372,382,383,385,394,407,417,431,435,442,447,471,491,499,517,521,525,529,542,543,545,549,553,557,565,568,571,574,575,579,583,585,591,593,596,600,604,607,608,609,618,619,620,632,635,638,641,642,644,652,656,661,664,665,668,669,678,679,680,681,684,689,690,692,697,699,700,709,710,711,715,736,762,778,799,825
0343_00380	10,11,12,15,19,20,21,179,181,182,256,257,284,285,286,287,309,333,334,341,342,345,346,347,352,353,356,357,358,359,366,367,371,373,374,375,377,381,382,383,385,388,391,397,404,407,417,419,421,431,432,436,438,441,442,443,444,446,447,448,450,453,454,462,465,471,473,483,491,492,494,496,498,499,507,521,522,524,525,531,536,539,540,541,542,544,546,549,550,553,554,556,557,565,567,571,572,574,575,576,578,579,580,582,583,585,586,588,591,593,596,598,600,601,604,607,608,609,614,618,619,620,624,626,629,634,635,638,639,640,641,642,643,652,656,657,658,660,661,665,666,668,669,672,678,679,680,681,682,683,684,685,686,687,690,692,703,704,709,710,711,713
0343_00381	10,11,12,15,16,19,20,21,144,147,179,181,182,256,257,284,285,286,287,300,309,333,340,342,345,346,347,352,353,356,359,366,367,371,372,373,374,376,377,380,382,385,388,390,391,392,393,394,397,398,400,401,404,406,407,417,419,421,435,436,440,442,443,444,446,447,448,450,451,452,454,465,473,483,485,488,489,492,494,496,503,505,507,517,520,522,524,528,531,536,539,540,541,546,547,550,554,556,561,568,572,573,577,581,583,586,593,594,597,602,613,614,615,618,622,625,629,637,638,639,640,644,646,647,648,651,655,657,658,663,664,673,674,675,681,683,684,691,692,703
0343_00388	10,11,12,15,16,17,19,20,21,22,31,144,146,147,151,154,179,181,182,256,257,258,259,284,285,286,287,300,309,315,333,340,341,342,345,346,347,352,353,356,358,359,360,366,367,374,376,377,378,379,380,382,385,387,388,389,390,391,392,393,394,397,398,400,401,404,406,407,408,412,417,419,421,426,432,438,439,440,442,443,444,448,450,451,452,454,457,465,473,483,485,486,488,489,492,494,495,496,500,505,507,520,522,524,528,531,536,537,539,541,546,548,550,554,556,561,567,568,570,572,573,581,583,586,593,594,597,602,603,612,613,614,615,618,622,625,629,637,638,639,640,646,648,651,655,657,658,660,663,664,674,675,681,682,683,684,691,692,703
0343_00390	10,11,12,15,16,17,19,20,21,144,146,147,151,154,179,181,182,256,257,258,259,284,285,286,287,300,309,333,340,341,342,345,346,347,352,353,356,358,359,360,366,367,374,376,377,378,379,380,382,385,387,388,389,390,391,392,393,394,397,398,400,401,404,406,407,417,419,421,432,438,439,440,442,443,444,448,450,451,452,454,465,473,483,485,486,488,489,492,494,495,496,500,505,507,520,522,524,528,531,536,537,539,541,546,548,550,554,556,561,568,570,572,573,581,583,586,593,594,597,602,603,612,613,614,615,618,622,625,629,637,638,639,640,648,655,657,658,663,664,674,675,681,683,684,691,692,703
0343_00401	10,11,12,15,16,17,19,20,21,34,144,146,147,151,154,179,181,182,256,257,258,259,284,285,286,287,294,300,309,333,339,340,341,342,345,346,347,350,352,353,354,356,358,359,360,366,367,369,374,376,377,378,379,380,381,385,387,388,389,390,391,392,394,397,398,404,406,407,413,417,419,421,432,438,439,441,442,443,444,448,450,451,453,454,465,473,483,485,486,488,492,496,500,505,507,508,520,522,524,529,531,536,537,539,541,546,548,550,556,561,567,568,570,572,573,580,583,586,587,593,594,597,602,612,613,614,615,618,622,629,637,638,639,640,644,655,657,658,659,660,663,664,675,681,683,684
0343_00403	10,11,12,15,16,19,20,21,22,23,31,32,144,147,179,181,182,186,189,256,257,284,285,286,287,300,309,315,333,340,342,345,346,347,348,352,353,356,359,366,367,368,371,372,373,374,376,377,380,381,382,385,388,390,391,392,393,394,397,398,400,401,404,406,407,408,412,417,419,421,426,435,436,440,442,443,444,446,447,448,450,451,452,454,457,465,473,483,485,488,489,492,494,496,503,505,507,517,520,522,524,528,531,536,539,540,541,546,547,550,554,556,561,564,567,568,572,573,577,581,583,586,593,594,597,602,613,614,615,618,622,625,629,637,638,639,640,644,646,647,648,651,655,657,658,660,662,663,664,673,674,675,680,681,682,683,684,690,691,692,702,703
0343_00405	10,11,12,15,16,19,20,21,22,23,31,32,144,147,179,181,182,186,189,256,257,284,285,286,287,300,309,315,333,340,342,345,346,347,348,352,353,356,359,366,367,368,371,372,373,374,376,377,380,381,382,385,388,390,391,392,393,394,397,398,400,401,404,406,407,408,412,417,419,421,426,435,436,440,442,443,444,446,447,448,450,451,452,454,457,465,473,483,485,488,489,492,494,496,503,505,507,517,520,522,524,528,531,536,539,540,541,546,547,550,554,556,561,564,567,568,572,573,577,581,583,586,593,594,597,602,613,614,615,618,622,625,629,637,638,639,640,644,646,647,648,651,655,657,658,660,662,663,664,673,674,675,680,681,682,683,684,690,691,692,702,703
0343_00406	10,11,12,13,15,16,17,19,20,21,22,31,32,144,146,147,151,154,179,181,182,186,189,256,257,258,259,284,285,286,287,300,309,315,333,340,341,342,345,346,347,348,352,353,356,358,359,360,366,367,368,374,376,377,378,379,380,381,385,387,388,389,390,391,392,394,397,398,404,406,407,408,412,417,419,426,432,438,439,442,443,448,450,451,454,457,465,473,483,485,486,488,492,496,500,505,507,520,522,524,531,539,541,546,548,550,556,561,564,567,568,570,572,573,583,586,593,594,597,602,612,613,614,615,618,622,629,637,638,639,640,655,657,658,660,662,663,664,675,680,681,682,683,684,690,691,692,702,703
0343_00408	10,11,12,13,15,16,19,20,21,34,284,285,286,287,294,300,309,333,339,341,345,346,350,352,353,354,366,369,375,381,391,393,394,407,413,421,440,441,444,452,453,508,529,536,537,541,567,570,580,583,587,593,603,612,614,618,638,644,646,647,657,659,660,680,681,684,685,686,692,694,695,696,703
0343_00409	10,11,12,13,15,16,17,19,20,21,179,180,184,185,186,191,192,193,256,284,285,286,287,300,309,333,334,340,341,342,345,346,347,352,353,356,357,358,359,360,366,367,371,372,375,376,377,378,380,382,385,387,388,390,391,392,393,394,397,398,400,401,404,407,417,419,421,431,432,435,438,439,440,442,443,444,447,450,451,452,454,465,471,473,483,485,486,488,489,491,495,496,500,503,505,507,520,521,522,524,525,528,531,536,537,539,540,541,546,547,548,550,553,556,557,561,565,567,568,570,571,572,573,577,578,579,581,583,585,586,593,594,596,597,600,601,603,604,608,609,612,614,618,619,629,634,635,637,638,639,640,641,646,648,651,655,657,658,660,661,664,665,666,669,675,678,679,680,681,682,683,684,689,692,697,703,709,710,711,713,717,738,756,771,780,801,819,834
0343_00410	10,11,12,13,15,16,19,20,21,22,23,31,32,144,147,179,181,182,186,189,256,257,284,285,286,287,300,309,315,333,339,340,341,342,345,346,347,348,352,353,356,359,366,367,368,371,372,373,374,375,376,377,380,381,382,385,388,390,391,392,393,394,397,398,400,401,404,406,407,408,412,417,419,421,426,435,436,440,442,443,444,446,447,448,450,451,452,454,457,465,473,483,485,488,489,492,494,496,503,505,507,517,520,522,524,528,529,531,536,539,540,541,546,547,550,554,556,561,564,567,568,572,573,577,581,583,586,593,594,597,602,613,614,615,616,618,622,625,629,637,638,639,640,644,646,647,648,651,655,657,658,660,662,663,664,673,674,675,680,681,682,683,684,690,691,692,702,703,704
0343_00411	10,11,12,13,15,16,19,20,21,22,23,31,32,144,147,179,181,182,186,189,256,257,284,285,286,287,300,309,315,333,339,340,341,342,345,346,347,348,352,353,356,359,366,367,368,371,372,373,374,375,376,377,380,381,382,385,388,390,391,392,393,394,397,398,400,401,404,406,407,408,412,417,419,421,426,435,436,440,442,443,444,446,447,448,450,451,452,454,457,465,473,483,485,488,489,492,494,496,503,505,507,517,520,522,524,528,529,531,536,539,540,541,546,547,550,554,556,561,564,567,568,572,573,577,581,583,586,593,594,597,602,613,614,615,616,618,622,625,629,637,638,639,640,644,646,647,648,651,655,657,658,660,662,663,664,673,674,675,680,681,682,683,684,690,691,692,702,703,704
0343_00413	10,11,12,13,15,16,17,18,19,20,21,22,31,32,144,146,147,151,154,179,180,181,182,184,185,186,191,192,193,200,256,257,258,259,260,284,285,286,287,300,309,315,333,334,340,341,342,345,346,347,352,353,356,357,358,359,360,366,367,371,372,374,375,376,377,378,379,380,382,385,387,388,389,390,391,392,393,394,397,398,400,401,404,406,407,408,412,417,419,421,426,431,432,435,438,439,440,442,443,444,447,448,450,451,452,454,457,465,471,473,483,485,486,488,489,491,492,495,496,500,503,505,507,520,521,522,524,525,528,531,536,537,539,540,541,546,547,548,550,553,556,557,561,565,567,568,570,571,572,573,577,578,579,581,583,585,586,593,594,596,597,600,601,602,603,604,608,609,612,613,614,615,618,619,622,629,634,635,637,638,639,640,641,646,648,651,655,657,658,660,661,663,664,665,666,669,675,678,679,680,681,682,683,684,689,691,692,697,703,709,710,711,713,717,738,756,771,780,801,819,834
0343_00439	10,11,15,16,19,20,21,179,181,182,256,257,284,285,286,287,300,309,333,334,345,346,352,353,356,357,359,366,371,373,374,376,377,380,381,382,385,388,390,391,393,394,397,400,401,404,407,417,419,421,431,436,440,441,442,443,444,446,447,448,450,451,452,453,454,465,473,483,485,488,489,492,494,496,505,507,520,522,524,528,529,531,536,539,541,546,549,550,554,556,561,573,574,577,581,582,586,589,594,597,602,614,618,622,625,629,637,639,643,646,647,648,651,655,658,668,673,674,675
0343_00451	10,11,19,20,21,22,31,179,182,284,285,287,309,315,333,340,342,345,347,348,353,367,368,381,406,407,408,412,426,457,564,568,572,583,615,618,638,640,662,663,664,680,681,682,690,691,702
0343_00452	10,11,19,20,21,22,31,179,182,284,285,287,309,315,333,340,342,345,347,348,353,367,368,381,406,407,408,412,426,457,564,568,572,583,615,618,638,640,662,663,664,680,681,682,690,691,702
0343_00453	10,11,19,20,21,22,31,284,285,287,309,315,333,340,342,345,347,353,367,407,408,412,421,426,433,444,457,463,536,538,568,572,580,582,583,618,638,640,643,664,680,681,682,685,687,690,691,694,702
0343_00454	10,11,19,20,21,22,23,31,32,33,179,180,284,285,287,309,315,333,340,342,345,347,353,367,408,412,426,457,568,583,638,640,680,681,682,690,691,702,783,804,825
0343_00455	10,11,15,19,20,34,284,285,286,287,294,300,309,333,339,341,345,346,350,352,353,354,366,369,375,381,391,393,394,407,413,421,440,441,444,452,453,508,529,536,537,541,567,580,587,603,614,618,638,644,646,647,657,660
0343_00464	10,11,12,15,16,19,20,179,181,182,256,257,284,285,286,287,300,309,333,334,341,342,345,346,347,352,353,356,357,358,359,366,367,371,373,374,375,377,382,383,385,388,391,394,397,404,407,417,419,431,432,436,438,442,443,446,447,448,450,454,462,465,471,473,483,491,492,496,498,499,507,521,522,524,525,529,531,539,540,541,542,544,546,549,550,553,556,557,565,567,571,572,574,575,578,579,583,585,586,588,591,593,596,600,601,604,607,608,609,614,618,619,620,629,634,635,638,639,641,642,652,656,657,658,660,661,665,666,668,669,678,679,680,681,682,683,684,690,692,703,704,709,710,711,713
0343_00465	10,11,12,15,16,19,20,284,285,286,287,300,309,333,339,341,345,346,352,353,366,375,381,391,393,394,407,421,440,441,444,452,453,529,536,537,541,567,580,583,593,603,614,618,638,644,646,647,657,660,680,681,684,685,690,693
0343_00466	10,11,12,15,16,17,19,20,284,285,286,287,300,309,333,339,341,345,346,352,353,366,375,376,381,391,392,394,407,419,421,441,444,451,453,454,488,520,529,536,537,541,561,567,580,583,593,618,638,644,681,684,685,692,696
0343_00467	10,11,12,15,19,20,21,34,144,146,147,179,180,256,257,258,284,285,286,287,300,309,333,334,341,342,345,346,352,353,356,357,358,359,366,371,372,373,374,377,378,382,383,385,386,387,388,391,393,394,397,400,401,404,409,417,419,431,432,435,436,438,442,443,446,447,448,450,454,459,460,462,465,471,473,483,491,492,496,498,499,503,507,517,521,522,524,525,528,529,531,539,540,541,542,543,544,546,547,549,550,553,556,557,565,567,571,574,575,577,578,579,583,585,586,593,596,600,601,604,607,608,609,614,619,620,629,634,635,638,639,641,642,644,652,653,656,657,658,660,661,665,666,669,678,679,680,681,684,689,690,697,699,709,710,711,759,822
0343_00468	10,11,12,15,16,19,20,21,179,180,256,284,285,286,287,300,302,309,333,334,339,341,342,345,346,352,353,356,357,366,371,372,377,378,381,382,383,385,394,396,402,407,417,421,424,431,435,438,441,442,444,447,450,453,455,456,465,471,491,499,503,515,517,521,525,529,536,537,542,543,544,546,547,549,550,553,557,559,565,567,571,574,575,579,580,583,585,588,591,593,596,600,601,604,607,608,609,618,619,620,634,635,638,641,642,644,650,652,656,661,665,666,668,669,678,679,680,681,684,685,689,690,693,697,699,705,709,710,711,715,738,764,778,801,827
0343_00469	10,11,12,15,16,19,20,21,31,144,147,151,154,179,181,182,256,257,284,285,286,287,300,309,315,333,340,342,345,346,347,352,353,356,359,366,367,371,372,373,374,376,377,379,380,385,388,390,391,392,394,397,398,404,406,407,408,412,417,419,421,426,435,436,439,442,443,446,447,448,450,451,452,454,457,465,473,483,485,488,492,496,503,505,507,517,520,522,524,531,539,540,541,546,547,550,556,561,567,568,572,573,577,583,586,593,594,597,602,613,614,615,618,622,629,637,638,639,640,644,646,647,648,655,657,658,660,663,664,675,681,682,683,684,691,692,703
0343_00470	10,11,12,15,16,19,20,21,22,31,144,147,179,181,182,256,257,284,285,286,287,300,309,315,333,340,342,345,346,347,352,353,356,359,366,367,371,372,373,374,376,377,380,382,385,388,390,391,392,393,394,397,398,400,401,404,406,407,408,412,417,419,421,426,435,436,440,442,443,444,446,447,448,450,451,452,454,457,465,473,483,485,488,489,492,494,496,503,505,507,517,520,522,524,528,531,536,539,540,541,546,547,550,554,556,561,568,572,573,577,581,583,586,593,594,597,602,613,614,615,618,622,625,629,637,638,639,640,644,646,647,648,651,655,657,658,663,664,673,674,675,681,683,684,691,692,703
0343_00472	10,11,12,15,16,19,20,21,22,31,144,147,179,181,182,256,257,284,285,286,287,300,309,315,333,340,342,345,346,347,352,353,356,359,366,367,371,372,373,374,376,377,379,380,385,388,390,391,392,394,397,398,404,406,407,408,412,417,419,421,426,435,436,439,442,443,446,447,448,450,451,452,454,457,465,473,483,485,488,492,496,503,505,507,517,520,522,524,531,539,540,541,546,547,550,556,561,567,568,572,573,577,583,586,593,594,597,602,613,614,615,618,622,629,637,638,639,640,644,646,647,648,655,657,658,660,663,664,675,681,682,683,684,691,692,703
0343_00477	10,11,12,15,16,17,19,20,21,22,31,144,146,147,151,154,256,257,284,285,286,287,300,309,315,333,340,341,342,345,346,347,352,353,356,358,359,366,367,374,376,377,379,380,388,390,391,392,394,397,398,404,406,407,408,412,417,419,421,426,432,438,439,440,442,443,444,448,450,451,452,454,457,465,473,483,485,486,488,492,494,495,496,500,505,507,520,522,524,536,537,539,541,546,548,550,554,561,567,568,570,572,573,581,583,586,593,594,597,603,612,613,614,615,618,625,637,638,639,640,655,657,658,660,663,664,674,675,681,682,683,684,691,692,703
0343_00568	10,11,12,15,16,19,144,146,147,179,180,256,257,258,284,285,286,287,300,333,334,341,345,346,352,353,356,357,358,359,366,371,372,373,374,377,378,385,386,387,388,391,393,394,397,400,401,404,417,419,421,431,432,435,436,438,440,442,443,444,446,447,448,450,452,454,465,471,473,483,491,492,496,503,507,517,521,522,524,525,528,529,531,536,539,540,541,546,547,550,553,556,557,565,571,577,578,579,580,583,585,586,593,596,598,600,601,604,608,609,614,619,629,634,635,641,644,657,658,661,665,666,669,678,679,680,684,685,686,689,693,696,697,698,705,708,709,710,711,713,759,822
0343_00570	10,11,12,15,19,144,146,147,179,180,256,257,258,284,285,286,287,300,309,333,334,341,345,346,347,352,353,356,357,358,359,366,367,371,372,373,374,377,378,385,386,387,388,391,393,394,397,400,401,404,407,417,419,431,432,435,436,438,442,443,446,447,448,450,454,465,471,473,483,491,492,496,503,507,517,521,522,524,525,528,529,531,539,540,541,546,547,550,553,556,557,565,571,572,577,578,579,583,585,586,593,596,600,601,604,608,609,614,618,619,629,634,635,638,641,642,644,656,657,658,661,665,666,669,678,679,680,681,683,684,689,690,692,697,698,699,703,704,709,710,711,713,759,822
0343_00571	10,11,12,15,16,144,146,147,179,180,256,257,258,284,285,286,300,333,334,341,345,346,352,356,357,358,359,366,371,372,373,374,377,378,385,386,387,388,391,393,394,397,400,401,404,417,419,431,432,435,436,438,442,443,446,447,448,450,454,465,471,473,483,491,492,496,503,507,517,521,522,524,525,528,529,531,539,540,541,546,547,550,553,556,557,565,571,577,578,579,583,585,586,593,596,600,601,604,608,609,614,619,629,634,635,641,644,657,658,661,665,666,669,678,679,680,684,689,697,698,709,710,711,713,759,822
0343_00579	10,11,12,15,19,20,21,179,180,181,182,186,256,257,258,284,285,286,287,300,309,333,334,341,342,345,352,353,356,357,358,359,371,372,377,378,381,382,383,385,386,387,388,391,393,394,397,400,401,404,407,417,419,421,431,432,433,435,438,441,442,443,444,447,450,453,454,462,465,471,473,483,491,494,495,496,498,499,503,507,517,521,524,525,528,531,536,537,539,540,542,543,544,546,547,549,550,553,554,556,557,565,567,571,574,575,577,578,579,580,581,583,585,586,588,591,593,596,598,600,601,603,604,607,608,609,614,618,619,620,624,625,629,634,635,638,641,642,644,652,656,657,658,660,661,665,666,668,669,672,673,674,678,679,680,681,684,685,687,688,689,690,693,697,699,700,705,709,710,711,736,759,764,799,822,827
0343_00583	10,11,12,15,19,20,179,180,256,284,285,286,287,300,309,333,334,339,341,345,346,352,353,356,357,366,371,372,375,381,385,391,393,394,407,417,421,431,435,440,441,442,444,447,452,453,471,491,517,521,525,529,536,537,541,553,557,565,567,571,579,580,583,585,593,596,600,603,604,608,609,614,618,619,635,638,641,644,646,647,657,660,661,665,669,678,679,680,681,684,685,689,690,693,697,699,705,709,710,711
0343_00587	10,11,12,15,16,19,20,144,146,147,179,180,256,257,258,284,285,286,287,300,333,334,341,342,345,346,352,353,356,357,358,359,366,367,371,372,373,374,375,377,378,382,383,385,386,387,388,391,393,394,397,400,401,404,406,417,419,421,431,432,435,436,438,440,442,443,444,446,447,448,450,452,454,465,471,473,477,483,491,492,496,499,503,507,517,521,522,524,525,528,529,531,539,540,541,542,543,546,547,549,550,553,556,557,565,566,571,574,575,577,578,579,583,585,586,590,593,595,596,600,601,604,605,607,608,609,614,619,620,627,629,634,635,638,641,642,644,646,647,652,656,657,658,661,665,666,667,669,678,679,680,681,683,684,689,690,692,697,698,699,700,703,709,710,711,713,722,736,759,785,799,822
0343_00588	10,11,12,15,19,20,21,47,48,179,180,186,187,256,258,284,285,286,287,299,300,309,333,334,339,341,342,345,346,351,352,353,356,357,366,371,372,381,382,383,385,394,406,407,417,421,431,435,441,442,444,447,453,471,477,491,499,517,521,525,529,536,537,542,543,549,553,557,565,566,567,571,574,575,579,580,583,585,590,591,593,595,596,600,604,605,607,608,609,615,618,619,620,621,627,633,635,638,641,642,644,652,656,661,665,667,668,669,678,679,680,681,682,684,685,689,690,693,697,699,705,709,710,711,715,720,778,783
0343_00589	10,11,12,13,19,20,21,144,145,179,180,183,186,187,193,284,285,287,309,333,334,335,336,338,340,342,345,347,353,367,375,407,417,421,431,433,435,442,444,447,463,491,525,536,538,554,557,572,580,583,600,618,638,640,641,661,672,679,680,681,682,685,689,690,693,694,697,698,699,700,705,706,709,710,711,712,713,777,778,798,799,819,820,840,841,861,862
0343_00590	10,11,12,13,19,20,21,34,144,145,179,180,183,186,187,193,284,285,287,309,333,334,335,336,340,342,345,347,353,367,375,409,417,421,431,433,435,442,444,447,459,460,491,525,536,557,580,583,600,638,641,642,661,679,680,681,685,689,690,693,697,698,699,700,705,709,710,711,712,713,777,778,798,819,840,861
0343_00591	10,11,12,13,19,20,21,144,145,179,180,183,186,187,193,284,285,287,309,333,334,335,336,338,340,342,345,347,353,367,375,381,406,407,417,421,431,433,435,441,442,444,447,453,463,491,525,536,538,554,557,572,580,583,600,606,615,618,638,640,641,661,672,679,680,681,682,685,689,690,693,694,697,698,699,700,705,706,709,710,711,712,713,777,778,798,799,819,820,840,841,861,862
0343_00592	10,11,12,13,15,19,20,21,144,145,179,180,186,187,193,194,284,285,286,287,300,309,333,334,335,336,340,342,345,346,347,352,353,366,367,375,381,391,393,394,407,421,440,441,444,452,453,529,536,537,541,567,572,580,583,593,603,614,618,638,644,646,647,657,660,680,681,684,685,689,690,691,693,697,698,699,700,702,705,709,710,711,712,713,777,778,798,799,819,820,840,861
0343_00593	10,11,12,13,15,19,20,21,144,145,179,180,186,187,193,194,284,285,286,287,300,309,333,334,335,336,340,342,345,346,347,352,353,366,367,375,381,391,393,394,407,421,440,441,444,452,453,529,536,537,541,567,572,580,583,593,603,614,618,638,644,646,647,657,660,680,681,684,685,689,690,691,693,697,698,699,700,702,705,709,710,711,712,713,777,778,798,799,819,820,840,861
0343_00596	10,19,20,284,285,287,309,333,345,353,381,407,417,421,435,441,442,444,447,453,517,554,574,668,673
0343_00612	10,11,19,20,34,284,285,287,294,309,333,340,342,345,347,350,353,354,367,369,375,381,407,413,421,441,444,453,463,508,536,538,568,572,580,587,618,638,664
0343_00615	10,11,19,20,179,182,284,285,287,333,345,347,353,367,381,406,421,441,444,453,536,580,583,615,638,681,685,694
0343_00633	10,11,19,179,180,256,284,285,287,333,334,345,347,353,356,357,367,371,372,385,417,421,431,435,437,442,444,447,449,471,491,494,517,521,525,536,553,554,557,565,571,579,580,583,585,596,598,600,604,609,619,624,635,641,661,665,669,672,673,678,679,680,685,689,693,705,709,710,711
0343_00638	10,11,19,20,179,180,256,284,285,287,309,333,334,342,345,353,356,357,371,372,381,382,383,385,407,417,421,431,435,441,442,444,447,453,471,491,494,499,517,521,525,536,542,543,549,553,554,557,565,571,574,575,579,580,583,585,591,596,598,600,604,607,609,618,619,620,624,635,638,641,642,652,656,661,665,668,669,672,673,678,679,680,681,685,689,690,691,693,694,699,702,705,706,709,710,711,715,778
0343_00643	10,11,15,19,20,179,180,256,284,285,286,287,300,309,333,334,341,342,345,352,353,356,357,371,372,377,378,381,382,383,385,394,407,417,421,431,435,438,441,442,444,447,450,453,465,471,491,494,499,503,521,525,536,542,543,546,547,549,550,553,554,557,565,571,574,575,579,580,583,585,591,593,596,598,600,601,604,607,608,609,618,619,620,624,634,635,638,639,641,642,644,652,653,656,661,665,666,668,669,672,673,678,679,680,681,682,683,684,685,686,687,689,690,692,693,699,700,704,705,709,710,711,736,738,743,799,801,806
0343_00644	10,11,15,19,20,179,180,256,284,285,286,287,300,309,333,334,341,342,345,352,353,356,357,371,372,377,378,381,382,383,385,394,407,417,421,431,435,438,441,442,444,447,450,453,465,471,491,494,499,517,521,525,536,542,543,544,546,549,550,553,554,557,565,567,571,574,575,579,580,581,583,585,588,591,593,596,598,600,601,604,607,608,609,618,619,620,624,625,634,635,638,639,641,642,652,656,661,665,666,668,669,672,673,674,678,679,680,681,682,684,685,687,689,690,693,699,700,705,709,710,711,736,759,764,799,822,827
0343_00645	10,11,15,19,20,179,180,256,284,285,286,287,300,309,333,334,341,342,345,352,353,356,357,371,372,377,378,381,382,383,385,394,407,417,421,431,435,438,441,442,444,447,450,453,465,471,491,494,499,503,517,521,525,536,542,543,544,546,547,549,550,553,554,557,565,567,571,574,575,579,580,583,585,588,591,593,596,598,600,601,604,607,608,609,618,619,620,624,634,635,638,641,642,644,652,656,661,665,666,668,669,672,673,678,679,680,681,683,684,685,686,689,690,691,693,694,699,702,705,706,709,710,711,715,738,764,778,801,827
0343_00646	10,11,19,20,179,180,256,284,285,287,309,333,334,342,345,347,353,356,357,367,371,372,382,383,385,407,417,431,435,442,447,471,491,499,517,521,525,542,543,549,553,557,565,571,572,574,575,579,583,585,591,596,600,604,607,609,618,619,620,635,638,641,642,652,656,661,665,668,669,678,679,680,681,682,689,690,699,700,709,710,711,736,799
0343_00647	10,11,19,20,179,180,256,284,285,287,309,333,342,345,353,356,367,371,372,375,382,383,385,406,407,417,435,442,447,471,477,491,499,517,521,525,542,543,545,549,553,557,565,566,568,571,574,575,579,583,585,590,591,595,596,600,604,605,607,609,618,619,620,627,631,632,635,638,641,642,652,656,661,663,664,665,667,668,669,678,679,680,681,690,762,825
0343_00652	10,11,12,19,20,179,180,256,284,285,287,309,333,334,340,342,345,347,353,356,357,367,371,372,381,385,407,417,421,431,435,441,442,444,447,453,463,471,491,517,521,525,536,538,549,553,557,565,568,571,572,574,575,579,580,583,585,596,598,600,604,609,618,619,620,635,638,641,642,656,661,664,665,668,669,678,679,680,681,685,689,690,693,697,699,705,709,710,711
0343_00655	10,11,12,19,20,21,179,180,256,284,285,287,309,333,334,340,342,345,347,353,356,357,367,371,372,381,382,383,385,407,417,421,431,435,441,442,444,447,453,463,471,491,499,517,521,525,536,538,542,543,545,549,553,557,565,568,571,572,574,575,579,580,583,585,591,596,598,600,604,607,609,618,619,620,632,635,638,641,642,652,656,661,664,665,668,669,678,679,680,681,682,685,689,690,691,693,694,697,699,700,702,705,706,709,710,711,715,736,762,778,799,825
0343_00656	10,11,12,19,20,179,180,256,284,285,287,309,333,334,342,345,353,356,357,371,372,381,382,383,385,407,417,421,431,435,441,442,444,447,453,471,491,499,517,521,525,536,542,543,549,553,557,565,571,574,575,579,580,583,585,591,596,600,604,607,609,618,619,620,635,638,641,642,652,656,661,665,668,669,678,679,680,681,685,689,690,691,693,694,697,699,702,705,706,709,710,711,757,820
0343_00660	10,11,12,19,20,21,179,180,256,284,285,287,309,333,334,342,345,353,356,357,371,372,381,382,383,385,407,417,421,431,435,441,442,444,447,453,471,491,499,517,521,525,542,543,545,549,553,554,557,565,568,571,574,575,579,583,585,591,596,600,604,607,609,618,619,620,632,635,638,641,642,652,656,661,664,665,668,669,672,673,678,679,680,681,689,690,700,709,710,711,715,736,762,778,799,825
0343_00662	10,11,12,15,19,20,47,48,179,180,256,284,285,286,287,299,300,309,333,334,339,341,342,345,346,351,352,353,356,357,366,371,372,381,382,383,385,394,407,417,421,431,435,441,442,444,447,453,471,491,499,521,525,529,536,537,542,549,553,557,565,567,571,574,575,579,580,583,585,591,593,596,600,604,607,608,609,618,619,620,635,638,641,642,644,652,656,661,665,668,669,678,679,680,681,684,685,689,690,693,697,699,705,709,710,711,715,778
0343_00665	10,11,12,15,16,19,20,34,144,146,147,151,154,284,285,286,287,294,300,309,333,339,341,345,346,350,352,353,354,366,369,376,381,391,393,394,407,413,421,441,444,452,453,508,529,536,541,561,570,580,583,587,593,612,614,618,637,638,644,646,647,655,659,680,681,684,685,689,690,693,697,699,705
0343_00666	10,11,12,15,16,19,20,144,146,147,284,285,286,287,300,309,333,339,341,345,346,352,353,366,375,376,381,391,393,394,407,421,441,444,452,453,529,536,541,561,570,580,583,593,612,614,618,637,638,644,646,647,655,680,681,684,685,689,690,693,697,699,705
0343_00667	10,11,12,19,20,21,284,285,287,309,333,345,353,381,407,421,441,444,453,536,580,583,618,638,680,681,685,689,690,693,697,699,705
0343_00669	10,11,12,15,19,20,179,180,181,182,186,256,257,258,284,285,286,287,309,333,334,341,345,346,352,353,356,357,358,359,366,371,372,373,374,377,378,381,385,386,387,388,391,397,404,407,417,419,421,431,432,435,436,438,441,442,443,444,446,447,448,450,453,454,465,471,473,483,491,492,494,496,503,507,517,521,522,524,525,531,536,539,540,541,546,547,549,550,553,554,556,557,565,571,574,575,577,578,579,580,583,585,586,593,596,598,600,601,604,608,609,614,618,619,620,624,629,634,635,638,641,642,656,657,658,661,665,666,668,669,672,673,678,679,680,681,683,684,685,686,689,690,693,697,698,699,705,709,710,711,713,759,822
0343_00670	10,11,12,15,19,144,146,147,179,180,256,257,258,284,285,286,287,300,333,334,341,345,346,347,352,353,356,357,358,359,366,367,371,372,373,374,377,378,385,386,387,388,391,393,394,397,400,401,404,417,419,421,431,432,435,436,437,438,442,443,444,446,447,448,449,450,454,465,471,473,483,491,492,496,503,507,517,521,522,524,525,528,529,531,536,539,540,541,546,547,550,553,556,557,565,571,577,578,579,580,583,585,586,593,596,598,600,601,604,608,609,614,619,629,634,635,641,644,657,658,661,665,666,669,678,679,680,684,685,686,689,693,696,697,698,705,708,709,710,711,713,759,822
0343_00674	10,11,12,15,16,19,20,144,146,147,179,180,256,257,258,284,285,286,287,300,309,333,334,341,342,345,346,352,353,356,357,358,359,366,371,372,373,374,375,377,378,382,383,385,386,387,388,391,393,394,397,400,401,404,407,417,419,421,431,432,435,436,438,440,442,443,444,446,447,448,450,452,454,465,471,473,483,491,492,496,499,503,507,517,521,522,524,525,528,529,531,539,540,541,542,543,546,547,549,550,553,556,557,565,571,574,575,577,578,579,583,585,586,591,593,596,600,601,604,607,608,609,614,618,619,620,629,634,635,638,641,642,644,646,647,652,656,657,658,661,665,666,668,669,678,679,680,681,683,684,689,690,692,697,698,699,700,703,709,710,711,713,722,736,759,785,799,822
0343_00675	10,11,12,19,20,21,22,144,147,179,182,284,285,287,309,333,340,342,345,347,348,353,367,368,381,406,407,564,568,572,583,611,615,618,638,640,662,663,664,680,681,682,690,691,701,702
0343_00676	10,11,12,19,20,21,22,179,182,186,189,284,285,287,309,333,340,342,345,347,348,353,367,368,381,406,407,564,568,572,583,611,615,618,638,640,662,663,664,680,681,682,690,691,701,702
0343_00677	10,11,12,19,20,21,22,179,182,186,189,284,285,287,309,333,340,342,345,347,348,353,367,368,381,406,407,564,568,572,583,611,615,618,638,640,662,663,664,680,681,682,690,691,701,702
0343_00678	10,11,12,19,20,21,22,179,182,186,189,284,285,287,309,333,340,342,345,347,348,353,367,368,381,406,407,564,568,572,583,611,615,618,638,640,662,663,664,680,681,682,690,691,701,702
0343_00679	10,11,12,19,20,21,22,144,147,179,182,284,285,287,309,333,340,342,345,347,348,353,367,368,381,406,407,564,568,572,583,611,615,618,638,640,662,663,664,680,681,682,690,691,701,702
0343_00689	10,11,19,20,21,179,182,284,285,287,309,333,340,342,345,347,348,353,367,368,381,406,407,564,568,572,583,615,618,638,640,662,663,664,681,682,691
0343_00690	10,11,19,20,21,179,182,284,285,287,309,333,340,342,345,347,348,353,367,368,381,406,407,564,568,572,583,615,618,638,640,662,663,664,681,682,691
0343_00691	10,11,19,20,21,284,285,287,309,333,340,342,345,347,353,367,407,421,437,444,449,463,536,538,568,572,580,582,583,618,638,640,643,664,681,682,685,687,694
0343_00692	10,11,19,20,21,179,182,284,285,287,309,333,340,342,345,347,348,353,367,368,381,406,407,421,441,444,453,463,536,538,564,568,572,580,582,583,606,615,618,638,640,643,662,663,664,680,681,682,685,687,690,691,693,694,702,706
0343_00693	10,11,19,20,21,144,147,284,285,287,309,333,340,342,345,347,348,353,367,368,381,406,407,564,568,572,583,615,618,638,640,662,663,664,681,682,691
0343_00698	10,11,15,19,20,144,146,147,256,257,284,285,286,287,300,309,333,341,345,346,352,353,356,358,359,366,371,372,373,374,377,381,385,388,391,393,394,397,400,401,404,407,417,419,421,432,435,436,438,441,442,443,444,446,447,448,450,453,454,462,465,471,473,483,491,492,494,495,496,503,507,517,521,522,524,525,528,529,531,536,537,539,540,541,546,547,549,550,553,554,556,557,565,567,571,574,575,577,578,579,580,583,585,586,593,596,598,600,601,603,604,608,609,614,618,620,624,629,634,635,638,641,642,644,656,657,658,660,661,665,666,668,669,672,673,678,679,681,684,685,692,696
0343_00699	10,11,19,20,21,284,285,287,309,333,334,345,353,381,407,417,421,431,441,442,444,447,453,491,536,554,557,574,580,600,618,638,642,668,673,682,687,688
0343_00700	10,11,19,20,21,284,285,287,309,333,334,345,353,375,381,407,417,421,431,435,441,442,444,447,453,525,536,554,574,600,618,620,668,672,673
0343_00702	10,11,19,20,284,285,287,333,342,345,353,367,375,381,406,421,433,441,444,453,536,580,582,589,638,643
0343_00705	10,11,19,20,21,284,285,287,309,333,334,336,345,353,375,381,407,421,441,444,453,536,580,583,618,638,681,685,691,694,695,709,710
0343_00707	10,11,19,20,21,284,285,287,309,333,345,353,367,375,381,406,407,421,441,444,453,536,580,583,618,638,681,685,691,694,695,701
0343_00719	10,11,19,20,21,284,285,287,309,333,340,342,345,347,353,367,407,568,572,583,618,638,640,664,680,681,682,690,691,702
0343_00720	10,11,19,20,21,284,285,287,309,333,340,342,345,347,353,367,407,568,572,583,618,638,640,664,680,681,682,690,691,702
0343_00721	10,11,19,20,179,180,256,284,285,287,309,333,342,345,353,356,371,372,382,383,385,407,417,435,442,447,471,491,499,517,521,525,542,543,549,553,557,565,571,574,575,579,583,585,591,596,600,604,607,609,618,619,620,635,638,641,642,652,656,661,665,668,669,678,679,680,681,682,690,720,783
0343_00727	10,11,19,20,21,179,180,256,284,285,287,309,333,334,342,345,353,356,357,371,372,381,382,383,385,407,417,421,431,435,441,442,444,447,453,471,491,494,499,517,521,525,536,542,543,549,553,554,557,565,571,574,575,576,579,580,582,583,585,591,596,598,600,604,607,609,618,619,620,624,626,635,638,640,641,642,643,652,656,661,665,668,669,672,673,678,679,680,681,682,685,687,689,690,693,699,700,705,709,710,711,720,736,757,783,799,820
0343_00734	10,11,12,19,20,21,284,285,287,309,333,345,353,381,407,421,441,444,453,536,580,583,618,638,680,681,685,689,690,693,697,699,705
0343_00735	10,11,12,15,19,20,284,285,286,287,300,309,333,334,336,339,341,345,346,352,353,366,375,381,391,393,394,407,421,440,441,444,452,453,529,536,537,541,567,580,583,593,603,614,618,638,644,646,647,657,660,681,685,709,710
0343_00737	10,11,12,19,20,179,180,256,284,285,287,333,342,345,353,356,371,372,375,381,382,383,385,406,417,421,435,441,442,444,447,453,471,477,491,499,517,521,525,542,543,549,553,557,565,566,571,574,575,579,583,585,590,595,596,600,604,605,607,609,615,619,620,621,623,627,633,635,638,641,642,652,656,661,665,667,669,678,679,680,681,690
0343_00738	10,11,12,19,20,179,180,256,284,285,287,309,333,334,345,353,356,357,371,372,381,385,407,417,421,431,435,441,442,444,447,453,471,491,517,521,525,536,553,557,565,571,579,580,583,585,596,598,600,604,609,618,619,635,638,641,642,656,661,665,669,678,679,680,681,685,689,690,693,697,699,705,709,710,711
0343_00742	10,11,12,19,20,21,179,180,256,284,285,287,309,333,334,342,345,353,356,357,371,372,381,382,383,385,407,417,421,431,435,441,442,444,447,453,471,491,499,517,521,525,536,542,543,549,553,557,565,571,574,575,579,580,583,585,591,596,598,600,604,607,609,618,619,620,635,638,641,642,652,656,661,665,668,669,678,679,680,681,682,685,687,689,690,691,693,694,697,699,700,702,705,706,709,710,711,720,736,757,783,799,820
0343_00743	10,11,12,15,19,20,179,181,182,256,257,284,285,286,287,309,333,334,341,342,345,346,347,352,353,356,357,358,359,366,367,371,373,374,375,377,382,383,385,388,391,397,404,407,417,419,421,431,432,436,437,438,442,443,444,446,447,448,449,450,454,462,465,471,473,483,491,492,494,496,498,499,507,521,522,524,525,531,536,539,540,541,542,544,546,549,550,553,554,556,557,565,567,571,572,574,575,578,579,580,582,583,585,586,588,591,593,596,598,600,601,604,607,608,609,614,618,619,620,624,626,629,634,635,638,639,641,642,643,652,656,657,658,660,661,665,666,668,669,672,678,679,680,681,682,683,684,685,686,687,690,692,703,704,709,710,711,713
0343_00744	10,11,12,19,20,21,179,180,256,284,285,287,309,333,334,342,345,353,356,357,367,371,372,375,381,382,383,385,406,407,417,421,431,435,441,442,444,447,453,471,477,491,499,517,521,525,536,542,543,545,549,553,557,565,566,568,571,574,575,579,580,583,585,590,591,595,596,598,600,604,605,607,609,618,619,620,627,631,632,635,638,641,642,652,656,661,663,664,665,667,668,669,678,679,680,681,685,689,690,691,693,694,697,699,700,701,702,705,706,709,710,711,715,736,762,778,799,825
0343_00745	10,11,12,19,20,21,179,180,256,284,285,287,309,333,334,340,342,345,347,353,356,357,367,371,372,381,382,383,385,407,417,421,431,435,441,442,444,447,453,463,471,491,499,517,521,525,536,538,542,543,549,553,557,565,568,571,572,574,575,579,580,583,585,591,596,600,604,607,609,618,619,620,635,638,641,642,652,656,661,664,665,668,669,678,679,680,681,685,689,690,693,697,699,705,709,710,711,715,778
0343_00746	10,11,12,19,20,21,179,180,256,284,285,287,309,333,334,340,342,345,347,353,356,357,367,371,372,375,381,382,383,385,406,407,417,421,431,435,441,442,444,447,453,463,471,477,491,499,517,521,525,536,538,542,543,545,549,553,557,565,566,568,571,572,574,575,579,580,583,585,590,591,595,596,598,600,604,605,607,609,618,619,620,627,631,632,635,638,641,642,652,656,661,663,664,665,667,668,669,678,679,680,681,682,685,689,690,691,693,694,697,699,700,701,702,705,706,709,710,711,715,736,762,778,799,825
0343_00750	10,11,12,15,19,144,149,150,179,180,256,284,285,286,287,300,333,334,336,341,345,352,353,356,357,371,372,375,377,378,385,391,393,394,417,421,431,435,438,440,442,444,447,450,452,465,471,491,496,503,517,521,525,536,546,547,550,553,557,565,571,579,580,583,585,586,593,596,598,600,601,604,608,609,614,619,629,634,635,641,644,646,657,658,661,665,666,669,678,679,680,684,685,686,689,693,697,698,705,709,710,711,713,759,822
0343_00752	10,11,12,19,284,285,287,333,342,345,353,375,421,433,444,536,580,583,680,685,689,693,697,705
0343_00753	10,11,12,19,20,179,180,186,187,256,258,284,285,287,309,333,334,342,345,353,356,357,371,372,381,382,383,385,386,407,417,421,431,435,441,442,444,447,453,471,491,494,499,517,521,525,536,542,549,553,554,557,565,571,574,575,576,579,580,582,583,585,591,596,598,600,604,607,609,618,619,620,624,626,635,638,640,641,642,643,652,656,661,665,668,669,672,673,678,679,680,681,685,689,690,693,697,698,699,700,705,709,710,711,713,714,735,736,756,757,777,798,799,819,820
0343_00755	10,11,12,19,20,284,285,287,309,333,345,347,353,367,381,407,421,441,444,453,536,572,580,583,618,638,680,681,685,689,690,693,697,699,705
0343_00765	10,11,12,13,19,20,21,22,179,180,186,187,256,258,284,285,287,309,333,334,340,342,345,347,353,356,357,367,371,372,381,382,383,385,406,407,417,421,431,435,441,442,444,447,453,463,471,491,499,517,521,525,536,538,542,543,545,549,553,554,557,565,568,571,574,575,579,580,583,585,591,595,596,600,604,606,607,609,615,618,619,620,632,635,638,641,642,652,656,661,663,664,665,667,668,669,672,673,678,679,680,681,685,689,690,691,693,697,699,700,701,702,705,709,710,711,715,736,762,778,799,825
0343_00774	10,11,12,13,19,20,179,183,284,285,287,309,333,334,335,345,353,375,381,407,417,421,431,435,441,442,444,447,453,491,517,525,554,557,565,574,583,600,620,641,661,665,668,672,679,680,689,697,698,709,710,711,712
0343_00779	10,11,12,13,19,20,21,144,145,179,180,183,186,187,193,284,285,287,309,333,334,335,336,338,342,345,347,353,367,375,407,417,421,431,433,435,442,444,447,463,491,525,536,538,554,557,572,580,583,600,618,638,640,641,661,672,679,680,681,685,689,690,693,697,698,699,700,705,709,710,711,712,713,777,798,819,840,841,861,862
0343_00780	10,11,12,13,19,20,21,144,145,179,180,183,186,187,193,284,285,287,309,333,334,335,336,340,342,345,347,353,367,375,407,417,421,431,433,435,442,444,447,463,491,525,536,538,554,557,572,580,583,600,618,638,641,661,672,679,680,681,685,689,690,693,694,697,698,699,700,705,706,709,710,711,712,713,777,778,798,799,819,820,840,861
0343_00787	10,11,12,13,19,20,144,145,179,180,186,187,193,194,284,285,287,309,333,334,335,336,340,342,345,347,353,367,375,381,407,421,441,444,453,536,572,580,583,618,638,680,681,685,689,690,693,697,698,699,700,705,709,710,711,712,713,777,778,798,799,819,840,861
0343_00790	10,11,12,13,19,20,21,144,145,179,180,186,187,193,194,284,285,287,309,333,334,335,336,340,342,345,347,353,367,375,381,407,421,441,444,453,536,572,580,583,618,638,680,681,685,689,690,691,693,697,698,699,700,702,705,709,710,711,712,713,777,778,798,799,819,820,840,861
0343_00794	10,11,12,13,15,19,20,21,34,144,145,179,180,186,187,193,194,284,285,286,287,294,300,309,333,334,335,336,340,342,345,346,347,350,352,353,354,366,367,369,375,391,393,394,407,409,415,421,440,444,452,458,459,460,466,529,536,541,572,580,583,593,614,618,638,644,646,647,657,680,681,684,685,689,690,693,697,698,699,700,705,709,710,711,712,713,777,778,798,799,819,840,861
0343_00825	10,11,12,19,20,179,180,256,284,285,287,309,333,334,342,345,353,356,357,371,372,381,382,383,385,407,417,421,431,435,441,442,444,447,453,471,491,499,517,521,525,542,543,549,553,554,557,565,571,574,575,579,583,585,591,596,600,604,607,609,618,619,620,635,638,641,642,652,656,661,665,668,669,672,673,678,679,680,681,689,690,709,710,711,715,778
0343_00827	10,11,19,20,284,285,287,309,333,334,336,340,342,345,347,353,367,375,381,407,421,441,444,453,463,536,538,568,572,580,583,618,638,664,681,685,709,710
0343_00828	10,11,19,20,21,284,285,287,309,333,340,342,345,347,353,367,381,407,421,441,444,453,463,536,538,568,572,580,583,618,638,664,681,682,685,687,691,694,695
0343_00829	10,11,19,20,21,284,285,287,309,333,340,342,345,347,353,367,381,407,421,441,444,453,463,536,538,568,572,580,582,618,638,640,643,664,682,687,688
0343_00831	10,11,15,19,20,284,285,286,287,300,309,333,334,336,345,346,352,353,366,375,381,391,393,394,407,421,440,441,444,452,453,529,536,537,541,567,580,593,603,614,644,646,647,657,660,709
0343_00832	10,11,19,20,21,284,285,287,309,333,340,342,345,347,353,367,381,407,421,441,444,453,463,536,538,568,572,580,583,618,638,664,680,681,685,690,691,693,694,702,706
0343_00833	10,11,12,19,20,179,180,256,284,285,287,309,333,334,342,345,353,356,357,371,372,381,382,383,385,407,417,421,431,435,441,442,444,447,453,471,491,499,517,521,525,536,542,543,549,553,557,565,571,574,575,579,580,583,585,591,596,600,604,607,609,618,619,620,635,638,641,642,652,656,661,665,668,669,678,679,680,681,685,689,690,693,697,699,705,709,710,711,715,778
0343_00834	10,11,12,19,20,21,284,285,287,309,333,345,353,381,407,417,421,435,441,442,444,447,453,491,517,525,536,554,557,574,580,583,600,618,620,638,641,661,668,672,673,679,680,681,685,690,693
0343_00835	10,11,19,20,21,284,285,287,309,333,334,336,338,342,345,353,375,381,407,421,441,444,453,463,536,538,568,580,582,583,618,638,640,643,664,681,682,685,687,688,709,710,711,713
0343_00836	10,11,12,15,19,20,144,146,147,179,180,256,257,258,284,285,286,287,300,309,333,334,341,345,346,352,353,356,357,358,359,366,371,372,373,374,377,378,381,385,386,387,388,391,393,394,397,400,401,404,407,417,419,421,431,432,435,436,438,441,442,443,444,446,447,448,450,453,454,465,471,473,483,491,492,496,503,507,517,521,522,524,525,528,529,531,536,539,540,541,546,547,550,553,556,557,565,571,577,578,579,580,583,585,586,593,596,600,601,604,608,609,614,618,619,629,634,635,638,641,644,657,658,661,665,666,669,678,679,680,681,684,685,689,690,693,697,698,699,700,705,709,710,711,713,759,822
0343_00837	10,11,19,20,21,284,285,287,309,333,334,336,338,342,345,353,375,381,407,421,441,444,453,463,536,538,568,580,582,583,618,638,640,643,664,681,682,685,687,688,691,694,695,709,710,711,713
0343_00843	10,11,19,20,21,284,285,287,309,333,342,345,353,381,407,421,433,441,444,453,463,536,538,580,583,618,638,681,685,687,688,691,694,695
0343_00844	10,11,19,20,21,284,285,287,309,333,342,345,353,381,407,421,433,441,444,453,463,536,538,580,583,618,638,680,681,685,690,693,694,695,707
0343_00845	10,11,19,20,21,284,285,287,309,333,334,338,342,345,353,375,381,407,421,441,444,453,536,580,582,583,618,638,640,643,681,685,691,694,695,709,711
0343_00846	10,11,12,19,20,21,179,180,256,284,285,287,309,333,334,340,342,345,347,353,356,357,367,371,372,381,382,383,385,407,417,421,431,435,441,442,444,447,453,463,471,491,499,517,521,525,536,538,542,543,549,553,557,565,568,571,572,574,575,579,580,583,585,591,596,598,600,604,607,609,618,619,620,635,638,641,642,652,656,661,664,665,668,669,678,679,680,681,682,685,689,690,691,693,694,697,699,700,702,705,706,709,710,711,736,799
0343_00847	10,11,19,20,21,284,285,287,309,333,334,336,345,353,381,407,421,441,444,453,536,580,583,618,638,681,682,685,687,688,691,694,695,709,711
0343_00848	10,11,12,19,20,21,179,180,256,284,285,287,309,333,334,340,342,345,347,353,356,357,367,371,372,381,382,383,385,407,417,421,431,435,441,442,444,447,453,471,491,499,517,521,525,536,542,543,549,553,557,565,571,572,574,575,579,580,582,583,585,591,596,600,604,607,609,618,619,620,635,638,640,641,642,643,652,656,661,665,668,669,678,679,680,681,682,685,689,690,693,697,699,700,705,709,710,711,736,799
0343_00849	10,11,12,15,19,20,144,146,147,179,180,256,257,258,284,285,286,287,300,309,333,334,341,345,346,352,353,356,357,358,359,366,371,372,373,374,377,378,381,385,386,387,388,391,393,394,397,400,401,404,407,417,419,421,431,432,435,436,438,441,442,443,444,446,447,448,450,453,454,465,471,473,483,491,492,496,503,507,517,521,522,524,525,528,529,531,536,539,540,541,546,547,550,553,556,557,565,571,577,578,579,580,583,585,586,593,596,600,601,604,608,609,614,618,619,629,634,635,638,641,644,657,658,661,665,666,669,678,679,680,681,684,685,689,690,692,693,696,697,698,699,700,703,705,709,710,711,713,759,822
0343_00850	10,11,12,19,20,21,179,180,256,284,285,287,309,333,334,340,342,345,347,353,356,357,367,371,372,375,381,382,383,385,406,407,417,421,431,435,441,442,444,447,453,463,471,477,491,499,517,521,525,536,538,542,543,545,549,553,557,565,566,568,571,572,574,575,579,580,583,585,590,591,595,596,600,604,605,607,609,618,619,620,627,631,632,635,638,641,642,652,656,661,663,664,665,667,668,669,678,679,680,681,685,689,690,691,693,697,699,700,701,702,705,709,710,711,715,736,762,778,799,825
0343_00853	10,11,19,20,21,284,285,287,309,333,334,336,345,353,375,381,407,421,441,444,453,536,580,583,618,638,681,685,691,694,695,709,711
0343_00854	10,11,19,20,21,284,285,287,309,333,340,342,345,347,353,367,381,407,421,441,444,453,536,572,580,582,583,618,638,640,643,681,685,691,694,695
0343_00856	10,11,15,19,20,284,285,286,287,300,309,333,334,345,346,352,353,366,375,381,391,393,394,407,417,421,431,435,440,441,442,444,447,452,453,465,525,529,537,541,554,567,600,603,644,646,647,657,660,672
0343_00857	10,11,19,20,21,284,285,287,309,333,334,336,345,353,375,381,407,421,441,444,453,536,580,583,618,638,680,681,685,690,693,709,710,711
0343_00858	10,11,19,20,21,284,285,287,309,333,334,336,340,342,345,347,353,367,375,381,407,421,441,444,453,463,536,538,568,572,580,582,583,618,638,640,643,664,680,681,682,685,687,688,690,693,709,710,711
0343_00859	10,11,12,19,20,21,284,285,287,309,333,340,342,345,347,353,367,381,407,421,441,444,453,536,572,580,582,583,618,638,640,643,680,681,685,689,690,693,697,699,705
0343_00860	10,11,12,19,20,21,179,180,256,284,285,287,309,333,334,340,342,345,347,353,356,357,367,371,372,375,381,382,383,385,406,407,417,421,431,435,441,442,444,447,453,463,471,477,491,499,517,521,525,536,538,542,543,545,549,553,557,565,566,568,571,572,574,575,579,580,583,585,590,591,595,596,598,600,604,605,607,609,618,619,620,627,631,632,635,638,641,642,652,656,661,663,664,665,667,668,669,678,679,680,681,682,685,689,690,691,693,694,697,699,700,701,702,705,706,709,710,711,715,736,762,778,799,825
0343_00861	10,11,12,19,20,21,284,285,287,309,333,340,342,345,347,353,367,381,407,421,441,444,453,536,572,580,582,583,618,638,640,643,680,681,685,689,690,693,697,699,705
0343_00869	10,11,15,19,20,179,181,182,284,285,286,287,300,309,333,339,340,341,342,345,346,347,352,353,366,367,381,391,393,394,407,421,441,444,453,529,536,537,541,567,572,580,583,593,603,614,618,638,644,657,660,680,681,683,684,685,690,691,693,694,702,706
0343_00875	10,11,19,20,21,284,285,287,309,333,345,353,381,407,417,421,435,441,442,444,447,453,517,525,554,574,620,668,672,673
0343_00877	10,11,19,20,21,284,285,287,309,333,334,345,353,375,381,407,417,421,431,435,441,442,444,447,453,525,536,554,574,600,618,620,668,672,673
0343_00878	10,11,19,20,21,284,285,287,309,333,345,353,381,407,421,441,444,453,536,580,583,618,638,681,685,691,694,695
0343_00879	10,11,19,20,21,284,285,287,309,333,345,353,381,407,421,441,444,453,536,580,583,618,638,680,681,685,690,693
0343_00880	10,11,19,20,21,144,147,256,257,284,285,287,309,333,342,345,353,356,371,372,381,382,385,406,407,410,417,421,433,435,441,442,444,447,453,463,471,477,491,494,499,517,521,525,536,538,542,543,549,553,554,557,565,566,568,571,574,575,579,580,583,585,590,595,596,598,604,605,606,607,609,615,618,620,621,624,627,633,635,638,641,642,652,656,661,663,664,665,667,668,669,672,673,678,679,680,681,685,690,691,693,694,695,702,706,707
0343_00881	10,11,15,16,19,20,21,179,181,182,284,285,286,287,300,309,333,339,341,345,346,352,353,366,376,381,391,393,394,407,421,440,441,444,452,453,529,536,537,541,561,567,580,581,593,594,603,614,618,637,638,644,646,647,648,651,655,660,683,686,687,688
0343_00883	10,11,12,15,19,20,179,180,256,284,285,286,287,300,309,333,334,345,346,352,353,356,357,366,371,372,381,385,391,393,394,407,417,421,431,435,440,441,442,444,447,452,453,465,471,491,494,517,521,525,529,536,537,541,550,553,554,557,565,567,571,579,580,583,585,593,596,598,600,603,604,608,609,614,619,624,629,634,635,641,646,647,657,660,661,665,669,672,673,678,679,680,684,685,689,693,705,709,710,711
0343_00884	10,11,19,20,21,284,285,287,309,333,334,338,342,345,353,381,407,421,441,444,453,463,536,538,568,580,582,583,618,638,640,643,664,681,682,685,687,688,691,694,695,709,711
0343_00885	10,11,12,15,19,20,179,180,256,284,285,286,287,300,309,333,334,345,346,352,353,356,357,366,371,372,381,385,391,393,394,407,417,421,431,435,440,441,442,444,447,452,453,465,471,491,517,521,525,529,537,541,553,554,557,565,567,571,579,583,585,596,600,603,604,609,619,635,641,644,646,647,657,660,661,665,669,672,673,678,679,680,689,709,710,711
0343_00886	10,11,12,15,16,17,19,20,21,284,285,286,287,300,309,333,339,341,345,346,352,353,366,376,381,391,393,394,407,419,421,441,444,451,453,454,488,520,529,536,537,541,561,567,580,581,583,593,597,603,614,618,638,639,644,655,660,681,682,684,685,687,688,692,696
0343_00887	10,11,19,20,21,284,285,287,309,333,345,353,381,407,417,421,435,441,442,444,447,453,517,525,554,574,620,668,672,673
0343_00888	10,11,12,15,19,144,146,147,179,180,256,257,258,284,285,286,287,300,333,334,341,345,346,347,352,353,356,357,358,359,366,367,371,372,373,374,377,378,385,386,387,388,391,393,394,397,400,401,404,417,419,421,431,432,435,436,437,438,442,443,444,446,447,448,449,450,454,465,471,473,483,491,492,494,496,503,507,517,521,522,524,525,528,529,531,536,539,540,541,546,547,550,553,554,556,557,565,571,577,578,579,580,581,583,585,586,593,596,598,600,601,604,608,609,614,619,624,625,629,634,635,641,644,657,658,661,665,666,669,672,673,674,678,679,680,684,685,686,689,693,697,698,705,709,710,711,713,759,822
0343_00889	10,11,12,15,19,20,144,146,147,179,180,256,257,258,284,285,286,287,300,309,333,334,341,345,346,352,353,356,357,358,359,366,371,372,373,374,377,378,381,385,386,387,388,391,393,394,397,400,401,404,407,417,419,421,431,432,435,436,438,441,442,443,444,446,447,448,450,453,454,465,471,473,483,491,492,494,496,503,507,517,521,522,524,525,528,529,531,536,539,540,541,546,547,549,550,553,554,556,557,565,571,574,575,577,578,579,580,581,583,585,586,593,596,598,600,601,604,608,609,614,618,619,620,624,625,629,634,635,638,639,641,642,644,656,657,658,661,665,666,668,669,672,673,674,678,679,680,681,683,684,685,686,689,690,693,697,698,699,705,709,710,711,713,759,822
0343_00892	10,11,12,15,19,20,144,146,147,179,180,256,257,258,284,285,286,287,300,309,333,334,341,345,346,352,353,356,357,358,359,366,371,372,373,374,377,378,381,385,386,387,388,391,393,394,397,400,401,404,407,417,419,421,431,432,435,436,438,441,442,443,444,446,447,448,450,453,454,465,471,473,483,491,492,496,503,507,517,521,522,524,525,528,529,531,536,539,540,541,546,547,550,553,556,557,565,571,577,578,579,580,583,585,586,593,596,598,600,601,604,608,609,614,618,619,629,634,635,638,641,642,644,656,657,658,661,665,666,669,678,679,680,681,683,684,685,686,689,690,692,693,696,697,698,699,703,704,705,708,709,710,711,713,759,822
0343_00893	10,11,12,15,19,20,144,146,147,179,180,256,257,258,284,285,286,287,300,309,333,334,341,345,346,352,353,356,357,358,359,366,371,372,373,374,377,378,381,385,386,387,388,391,393,394,397,400,401,404,407,417,419,421,431,432,435,436,438,441,442,443,444,446,447,448,450,453,454,465,471,473,483,491,492,496,503,507,517,521,522,524,525,528,529,531,539,540,541,546,547,550,553,554,556,557,565,571,574,577,578,579,583,585,586,593,596,600,601,604,608,609,614,619,620,629,634,635,641,644,657,658,661,665,666,668,669,672,673,678,679,680,684,689,697,698,709,710,711,713,759,822
0343_00894	10,11,12,15,19,20,179,180,181,182,186,256,257,258,284,285,286,287,300,309,333,334,341,342,345,352,353,356,357,358,359,371,372,377,378,381,382,383,385,386,387,388,391,393,394,397,400,401,404,407,417,419,421,431,432,433,435,438,441,442,443,444,447,450,453,454,462,465,471,473,483,491,494,495,496,503,507,517,521,524,525,528,531,536,537,539,540,546,547,549,550,553,554,556,557,565,567,571,574,575,577,578,579,580,581,583,585,586,593,596,598,600,601,603,604,608,609,614,618,619,620,624,625,629,634,635,638,641,642,644,656,657,658,660,661,665,666,668,669,672,673,674,678,679,680,681,684,685,687,688,689,690,693,697,699,700,705,709,710,711,759,822
0343_00895	10,11,19,20,21,284,285,287,309,333,334,336,340,342,345,347,353,367,381,407,421,441,444,453,463,536,538,568,572,580,582,583,618,638,640,643,664,681,682,685,687,688,691,694,695,709,711
0343_00897	10,11,12,15,19,20,144,146,147,179,180,256,257,258,284,285,286,287,300,309,333,334,340,341,342,345,346,347,352,353,356,357,358,359,366,367,371,372,373,374,377,378,381,385,386,387,388,391,393,394,397,400,401,404,407,417,419,421,431,432,435,436,438,441,442,443,444,446,447,448,450,453,454,463,465,471,473,483,491,492,496,503,507,517,521,522,524,525,528,529,531,536,538,539,540,541,546,547,550,553,556,557,565,568,571,572,577,578,579,580,583,585,586,593,596,600,601,604,608,609,614,618,619,629,634,635,638,641,642,644,656,657,658,661,664,665,666,669,678,679,680,681,683,684,685,689,690,692,693,696,697,698,699,700,703,704,705,709,710,711,713,759,822
0343_00899	10,11,19,20,21,284,285,287,309,333,334,336,345,353,375,381,407,421,441,444,453,536,582,589,618,640,643
0343_00904	10,11,19,20,21,284,285,287,309,333,334,338,342,345,347,353,367,375,381,407,421,441,444,453,536,572,580,582,583,618,638,640,643,681,685,691,694,709,711
0343_00905	10,11,15,16,19,20,21,179,181,182,256,257,284,285,286,287,300,309,333,341,345,352,353,356,358,359,371,372,376,377,380,381,382,385,388,390,391,393,394,397,400,401,404,407,417,419,421,432,435,438,440,441,442,443,444,447,450,451,452,453,454,462,465,473,483,485,488,489,491,494,495,496,503,505,507,520,524,525,528,531,536,537,539,540,546,547,549,550,554,556,557,561,567,571,573,574,575,580,581,586,593,594,597,598,601,602,603,614,618,620,622,624,625,629,634,637,638,642,644,646,648,651,655,656,658,660,666,668,672,673,674,675,683,686,687,688
0343_00906	10,11,12,19,20,179,180,256,284,285,287,309,333,334,342,345,353,356,357,371,372,381,385,407,417,421,431,433,435,441,442,444,447,453,463,471,491,517,521,525,536,538,553,557,565,571,579,580,583,585,596,598,600,604,609,618,619,635,638,641,661,665,669,678,679,680,681,685,689,690,693,697,699,705,709,710,711
0343_00907	10,11,12,19,20,179,180,256,284,285,287,309,333,334,340,342,345,347,353,356,357,367,371,372,381,385,407,417,421,431,435,441,442,444,447,453,463,471,491,517,521,525,536,538,553,557,565,568,571,572,579,580,583,585,596,600,604,609,618,619,635,638,641,642,656,661,664,665,669,678,679,680,681,685,689,690,693,697,699,705,709,710,711
0343_00908	10,11,15,19,20,21,284,285,286,287,300,309,333,339,341,345,346,352,353,366,375,381,391,393,394,407,421,440,441,444,452,453,529,536,537,541,567,580,581,603,614,618,638,639,644,646,647,657,660,682,687,688
0343_00909	10,11,19,20,21,179,180,284,285,287,309,333,334,338,340,342,345,347,353,367,381,407,421,441,444,453,463,536,538,568,572,580,583,618,638,640,664,680,681,682,685,687,689,690,691,693,694,699,700,702,705,706,709,710,711,778,783,799,804,825
0343_00910	10,11,12,15,19,20,21,179,180,256,284,285,286,287,300,309,333,334,339,341,342,345,346,352,353,356,357,366,371,372,375,381,382,383,385,391,393,394,407,417,421,431,435,440,441,442,444,447,452,453,471,491,499,517,521,525,529,536,537,541,542,543,549,553,557,565,567,571,574,575,579,580,583,585,591,593,596,600,603,604,607,608,609,614,618,619,620,635,638,641,642,644,646,647,652,656,657,660,661,665,668,669,678,679,680,681,684,685,689,690,693,697,699,705,709,710,711,715,778
0343_00911	10,11,19,20,284,285,287,309,333,334,336,345,347,353,367,375,381,407,421,441,444,453,536,572,582,618,640,643
0343_00912	10,11,19,20,21,284,285,287,309,333,345,353,381,407,421,441,444,453,536,580,618,638,682,687,688
0343_00915	10,11,15,16,19,20,144,146,147,256,257,284,285,286,287,300,309,333,341,345,346,352,353,356,358,359,366,371,373,374,376,377,380,381,388,390,391,393,394,397,400,401,404,407,417,419,421,432,435,436,438,441,442,443,444,446,447,448,450,451,453,454,465,471,473,483,485,486,488,489,491,492,496,500,503,505,507,517,520,521,522,524,525,528,529,539,540,541,546,547,548,554,556,557,561,565,570,573,574,585,586,597,600,612,614,620,637,644,655,658,661,665,668,672,673,675,678,679
0343_00917	10,11,15,19,20,284,285,286,287,300,309,333,334,345,346,352,353,366,375,381,391,393,394,407,417,421,431,435,440,441,442,444,447,452,453,465,525,529,536,537,541,554,567,600,603,614,646,647,657,660,672,673
0343_00919	10,11,19,20,21,284,285,287,309,333,340,342,345,347,353,367,381,407,421,441,444,453,536,572,580,582,583,618,638,640,643,680,681,682,685,687,690,693
0343_00920	10,11,15,19,20,21,179,181,182,256,257,284,285,286,287,309,333,334,341,345,346,352,353,356,357,358,359,366,371,372,373,374,377,381,385,388,391,397,404,407,417,419,421,431,432,435,436,438,441,442,443,444,446,447,448,450,453,454,462,465,471,473,483,491,492,494,495,496,503,507,517,521,522,524,525,531,536,537,539,540,541,546,547,549,550,553,554,556,557,565,567,571,574,575,577,578,579,580,581,583,585,586,593,596,598,600,601,603,604,608,609,614,618,619,620,624,625,629,634,635,638,639,641,642,656,657,658,660,661,665,666,668,669,672,673,674,678,679,680,681,682,684,685,687,688,690,692,693,696,703,709,710,711
0343_00922	10,11,12,19,20,21,179,180,256,284,285,287,309,333,334,340,342,345,347,353,356,357,367,371,372,381,382,383,385,407,417,421,431,435,441,442,444,447,453,463,471,491,499,517,521,525,536,538,542,543,549,553,557,565,568,571,572,574,575,579,580,583,585,591,596,600,604,607,609,618,619,620,635,638,641,642,652,656,661,664,665,668,669,678,679,680,681,685,689,690,693,697,699,705,709,710,711,715,778
0343_00923	10,11,15,19,20,31,34,284,285,286,287,294,300,305,315,345,352,353,367,369,375,394,408,412,421,426,440,444,452,457,644
0343_00929	10,11,12,13,15,16,19,20,24,25,26,179,180,181,182,186,187,193,256,257,258,260,284,285,286,287,288,300,333,334,341,342,345,346,352,353,356,357,359,364,365,366,371,372,373,374,377,378,382,383,385,388,391,393,394,397,404,406,417,419,421,431,435,436,438,440,442,443,444,446,447,448,450,452,454,465,471,473,477,483,491,492,494,496,499,503,507,517,521,522,524,525,531,536,539,540,541,542,543,546,547,549,550,553,554,556,557,565,566,571,574,575,577,578,579,580,581,582,583,585,586,590,593,594,595,596,598,600,601,604,605,607,608,609,613,614,615,619,620,621,624,625,626,627,629,633,634,635,638,639,641,642,643,644,646,652,656,657,658,661,665,666,667,669,672,673,674,678,679,680,681,684,685,689,690,692,696,700,709,710,711,736,799
0343_00940	10,11,12,15,16,19,20,144,148,179,180,181,182,186,256,257,284,285,286,287,300,333,334,339,341,345,346,352,353,356,357,358,359,366,376,377,380,382,385,388,390,391,392,393,394,397,398,400,401,404,417,419,421,431,432,438,440,442,443,444,450,451,452,454,465,473,483,485,488,489,491,494,496,505,507,520,522,524,525,528,531,536,539,540,541,546,550,554,556,557,561,571,573,580,581,583,586,593,594,596,597,601,602,609,614,622,624,625,629,634,635,637,641,644,646,647,648,651,655,657,658,661,666,669,672,674,675,679,680,684,685,693,709,710,711,864
0343_00959	10,11,12,15,16,19,38,39,144,146,147,179,180,256,257,258,284,285,286,287,295,301,309,333,334,335,340,341,342,343,345,347,352,353,356,357,363,366,367,371,372,374,375,376,380,385,390,391,397,404,407,417,419,423,431,435,438,442,447,448,450,451,454,468,471,485,487,488,491,492,497,502,503,504,505,516,517,518,520,521,522,525,541,551,553,557,561,565,567,571,572,573,574,579,583,585,592,593,596,597,599,600,604,609,614,618,619,620,635,637,641,655,660,661,665,668,669,678,679,680,689,709,710,711,712,718,753,760,781,816,823
0343_00963	10,11,12,13,15,16,19,38,39,179,180,181,182,186,187,193,256,257,258,260,284,285,286,287,295,309,333,334,338,342,343,345,346,352,353,356,357,359,363,366,371,372,373,374,376,377,380,385,388,390,391,397,404,407,417,419,431,435,436,442,443,446,447,448,450,451,454,465,471,473,483,485,488,491,492,496,502,504,505,507,517,520,521,522,524,525,531,539,541,546,549,550,551,553,556,557,561,565,571,573,574,575,577,579,583,585,586,592,593,594,596,597,599,600,602,604,609,614,618,619,620,622,629,635,637,638,639,641,642,655,656,658,661,665,666,668,669,675,678,679,680,681,684,689,690,697,698,699,709,710,711,713,718,760,781,823
0343_00964	10,11,12,13,15,16,17,38,144,146,147,179,180,186,187,256,257,258,260,284,285,286,295,301,333,334,335,343,345,346,352,356,357,363,366,371,372,374,376,380,385,390,391,397,404,417,419,420,423,430,431,435,442,447,448,451,454,468,471,485,487,488,491,492,497,502,504,505,516,517,518,520,521,522,525,541,551,553,557,561,565,569,571,573,579,583,585,592,593,596,597,599,600,604,608,609,614,619,635,637,641,655,661,665,669,677,678,679,680,684,689,697,698,709,710,711,712,713,718,781
0343_00965	10,11,12,15,16,19,20,24,25,144,146,147,150,151,179,180,256,257,258,284,285,286,287,288,300,333,334,342,345,346,352,353,356,357,359,364,366,371,372,373,374,377,381,382,383,385,388,391,393,394,397,400,401,404,406,417,419,420,430,431,435,436,442,443,446,447,448,450,454,465,467,471,473,477,483,491,492,496,499,507,517,521,522,524,525,528,529,531,539,541,542,543,545,546,549,550,553,556,557,564,565,566,568,569,571,574,575,578,579,583,585,586,590,593,595,596,600,601,604,605,607,608,609,611,614,619,620,627,629,631,634,635,638,641,642,652,656,657,658,661,662,663,665,666,667,669,677,678,679,680,681,683,684,689,690,692,697,698,699,700,703,709,710,711,713,736,757,762,799,820,825
0343_00968	10,11,12,15,16,19,38,39,144,146,147,179,180,256,257,258,284,285,286,287,295,301,309,333,334,338,342,343,345,346,352,353,356,357,363,366,371,372,374,375,376,380,385,390,391,397,404,407,417,419,423,431,435,442,447,448,451,454,468,471,485,487,488,491,492,497,502,504,505,516,517,518,520,521,522,525,541,549,551,553,557,561,565,567,571,573,574,575,579,583,585,592,593,596,597,599,600,604,608,609,614,618,619,620,635,637,638,641,642,655,656,660,661,665,668,669,678,679,680,681,684,689,690,697,698,699,709,710,711,713,718,753,760,781,816,823
0343_00970	10,11,12,13,15,16,19,38,144,145,146,147,151,179,180,256,257,258,284,285,286,287,295,301,309,333,334,336,338,342,343,345,346,352,353,356,357,363,366,371,372,374,375,376,380,385,390,391,397,404,407,417,419,423,431,435,442,447,448,451,454,468,471,485,487,488,491,492,497,502,504,505,516,517,518,520,521,522,525,541,551,553,557,561,565,567,571,573,579,583,585,592,593,596,597,599,600,604,609,614,618,619,635,637,638,641,655,660,661,665,669,678,679,680,681,684,689,690,697,698,699,709,710,711,713,718,781,840,861,862
0343_00971	10,11,12,13,15,16,19,38,144,145,146,147,151,179,180,256,257,258,284,285,286,287,295,301,309,333,334,335,336,338,342,343,345,346,352,353,356,357,363,366,371,372,374,375,376,380,385,390,391,397,404,407,417,419,423,431,435,442,447,448,451,454,468,471,485,487,488,491,492,497,502,504,505,516,517,518,520,521,522,525,541,551,553,557,561,565,567,571,573,579,583,585,592,593,596,597,599,600,604,609,614,618,619,635,637,638,641,655,660,661,665,669,678,679,680,681,684,689,690,697,698,699,700,709,710,711,712,713,718,781,840,861,862
0343_00973	10,11,12,13,15,16,19,38,144,146,147,179,180,256,257,258,284,285,286,287,295,301,309,333,334,335,338,342,343,345,346,352,353,356,357,363,366,371,372,374,375,376,380,385,390,391,397,404,407,417,419,423,431,435,442,447,448,451,454,468,471,485,487,488,491,492,497,502,504,505,516,517,518,520,521,522,525,541,551,553,557,561,565,567,571,573,579,583,585,592,593,596,597,599,600,604,609,614,618,619,635,637,638,641,655,660,661,665,669,678,679,680,681,684,689,690,697,698,699,709,710,711,712,713,718,781
0343_00976	10,11,12,13,15,16,19,38,144,145,146,147,151,179,180,256,257,258,284,285,286,287,295,301,309,333,334,335,338,342,343,345,346,352,353,356,357,363,366,371,372,374,375,376,380,385,390,391,397,404,407,417,419,423,431,435,442,447,448,451,454,468,471,485,487,488,491,492,497,502,504,505,516,517,518,520,521,522,525,541,551,553,557,561,565,567,571,573,574,579,583,585,592,593,596,597,599,600,604,609,614,618,619,620,635,637,638,641,655,660,661,665,668,669,678,679,680,681,684,689,690,698,700,709,710,711,712,713,718,781,861,862
0343_00983	10,11,12,15,19,20,38,39,179,180,186,187,256,284,285,286,287,295,300,309,333,334,335,341,342,343,345,352,353,356,363,371,372,375,377,378,382,383,385,391,393,394,407,417,421,435,438,440,442,444,447,450,452,465,471,491,496,499,502,503,506,517,521,525,527,530,536,542,543,546,547,549,550,551,552,553,557,565,571,574,575,579,580,583,585,586,591,592,593,596,599,601,604,607,608,609,610,614,618,619,620,629,634,635,638,641,642,644,646,652,656,657,658,661,665,666,668,669,678,679,680,681,683,684,685,689,690,693,698,705,709,710,711,712,722,744,751,765,772,774,785,807,814,828,835,837
0343_00984	10,11,12,13,15,16,17,19,20,21,34,179,180,181,182,186,256,257,258,284,285,286,287,294,300,306,333,334,341,345,352,353,354,356,357,359,366,367,371,372,375,376,377,378,380,382,384,385,388,390,391,392,393,394,397,404,406,415,417,419,421,431,435,438,440,442,443,444,447,449,450,451,452,454,458,460,465,466,471,473,477,483,484,485,488,491,494,496,499,503,505,507,517,520,521,524,525,529,531,532,533,536,539,540,541,542,543,546,547,549,550,553,554,556,557,561,565,566,571,573,574,576,579,580,583,585,586,590,593,594,595,596,597,598,600,601,602,604,605,608,609,614,619,622,624,627,629,630,634,635,637,639,640,641,644,646,647,648,653,654,655,658,661,665,666,667,669,672,673,675,678,679,680,684,685,689,693,696,705,708,709,710,711,717,747,758,780,810,821
0343_01002	10,11,12,13,15,16,19,20,24,25,26,179,180,181,182,186,187,193,256,257,258,260,284,285,286,287,288,300,333,334,341,342,345,352,353,356,357,358,359,364,365,371,372,377,378,382,383,385,388,391,393,394,397,404,406,417,419,421,431,432,435,438,440,442,443,444,447,450,452,454,465,471,473,477,483,491,494,495,496,499,503,507,517,521,524,525,531,536,537,539,540,542,543,546,547,549,550,553,554,556,557,565,566,570,571,574,575,577,578,579,580,583,585,586,590,593,595,596,598,600,601,603,604,605,607,608,609,612,613,614,615,619,620,621,624,627,629,633,634,635,638,641,642,644,646,652,656,657,658,661,665,666,667,669,672,673,678,679,680,681,684,685,689,690,692,693,700,704,709,710,711,736,799
0343_01007	10,11,12,15,19,38,39,179,180,256,284,285,286,287,295,300,333,334,337,341,343,345,352,353,356,357,363,371,372,375,385,391,393,394,417,418,421,428,429,431,435,440,442,444,447,452,461,465,471,491,494,502,504,521,525,536,550,551,553,554,557,565,571,579,580,583,585,592,593,596,598,599,600,604,608,609,614,619,624,629,634,635,641,644,646,657,661,665,669,672,673,678,679,680,684,685,689,693,705,709,710,711,739,753,802,816
0343_01012	10,11,12,15,19,20,21,31,34,284,285,286,287,300,305,315,333,340,342,345,346,347,352,353,366,367,375,381,394,406,408,412,417,421,435,441,442,444,447,453,499,525,529,554,574,595,600,615,620,644,667,672
0343_01018	10,11,12,15,16,19,20,38,144,146,147,179,180,256,257,258,284,285,286,287,295,301,333,334,335,342,343,345,346,347,352,353,356,363,366,367,371,372,374,375,376,380,382,383,385,390,391,397,404,406,417,419,421,423,433,435,442,444,447,448,451,454,463,468,471,477,485,487,488,491,492,497,499,502,504,505,516,517,518,520,521,522,525,536,537,538,541,542,543,549,551,553,557,561,565,566,571,573,574,575,579,583,585,590,592,593,595,596,597,599,600,603,604,605,606,607,609,613,614,615,619,620,621,627,633,635,637,638,641,642,652,655,656,661,665,667,669,678,679,680,681,690,709,712,723,786
0343_01022	10,11,12,15,16,17,19,20,21,34,35,179,181,182,256,257,284,285,286,287,294,300,306,333,345,352,353,356,359,366,367,369,371,372,375,376,377,380,382,385,388,390,391,393,394,397,404,406,415,417,419,421,435,442,443,447,450,451,452,454,458,460,465,473,477,483,485,488,496,499,503,505,507,520,524,531,539,540,542,543,546,547,549,550,556,561,566,573,574,576,586,590,594,595,597,602,605,614,622,627,629,637,639,640,648,653,654,655,658,667,675
0343_01025	10,11,12,13,15,16,19,38,39,179,180,181,182,186,187,193,256,257,258,260,284,285,286,287,295,300,333,334,341,343,345,346,352,353,356,357,359,363,366,371,372,373,374,377,378,385,388,391,393,394,397,404,417,419,421,431,435,436,438,440,442,443,444,446,447,448,450,452,454,465,471,473,483,491,492,494,496,502,503,504,507,517,521,522,524,525,531,536,539,540,541,546,547,550,551,553,554,556,557,565,571,577,578,579,580,581,583,585,586,592,593,594,596,598,599,600,601,604,608,609,614,619,624,625,629,634,635,641,644,646,657,658,661,665,666,669,670,672,673,674,678,679,680,684,685,689,696,697,698,709,710,711,713,718,759,781,822
0343_01028	10,11,12,15,16,19,38,179,180,181,182,186,256,257,258,284,285,286,287,295,300,301,333,341,343,345,346,352,353,356,359,363,366,371,372,373,374,377,378,382,385,388,391,394,397,417,419,421,423,435,436,438,440,442,443,444,446,447,448,450,452,454,465,468,471,478,483,491,494,496,497,500,502,503,516,517,519,521,524,525,531,536,539,546,547,548,550,551,553,554,556,557,562,565,570,571,578,579,580,581,583,585,586,593,594,596,598,600,601,602,604,608,609,610,614,617,619,622,624,625,629,634,635,641,644,645,646,657,658,661,665,666,669,672,674,678,679,680,684,686
0343_01029	10,11,12,15,16,17,19,20,21,34,38,179,180,181,182,186,256,257,258,284,285,286,287,294,295,300,306,333,343,345,352,354,356,359,360,363,367,371,372,375,376,380,384,385,390,391,393,394,397,404,406,415,417,419,421,435,439,442,443,447,451,452,454,458,460,466,471,473,484,485,488,491,502,504,505,507,517,520,521,525,532,533,540,551,553,557,561,565,571,573,579,583,585,592,596,597,599,600,604,609,619,635,637,641,648,655,661,665,669,678,679,680,769,832
0343_01034	10,11,12,15,16,19,20,24,25,38,179,180,186,187,256,258,284,285,286,287,288,295,300,333,334,341,343,345,352,353,356,357,363,365,371,372,376,377,378,385,391,393,394,417,421,431,435,438,440,442,444,447,450,452,465,471,491,494,496,502,503,504,517,521,525,536,546,547,550,551,553,554,557,561,565,571,579,580,583,585,586,592,593,596,598,599,600,601,604,608,609,614,619,624,629,634,635,637,641,644,646,648,651,655,658,661,665,666,669,672,675,678,679,680,684,685,689,693,705,709,710,711,730,793
0343_01035	10,11,12,15,16,19,179,181,182,256,257,284,285,286,287,300,333,334,341,345,346,352,353,356,357,358,359,366,375,376,377,380,382,385,388,390,391,393,394,397,400,401,404,417,419,421,431,432,438,440,442,443,444,450,451,452,454,465,473,483,485,488,489,491,494,496,505,507,520,524,525,528,529,531,536,539,540,541,546,550,554,556,557,561,571,573,580,581,583,586,593,594,596,597,601,602,609,614,622,624,625,629,634,635,637,641,644,648,655,658,661,666,669,672,674,675,679,680,684,685,689,693,709,710,711
0343_01037	10,11,12,13,15,16,19,20,21,144,146,147,179,180,186,187,193,194,256,258,260,284,285,286,287,300,301,333,334,338,341,342,345,352,353,356,357,371,372,375,377,378,381,382,383,385,391,394,395,399,406,417,421,431,435,438,440,442,444,447,450,452,453,463,465,471,477,478,491,499,503,516,517,519,521,523,525,536,538,542,543,546,547,549,550,553,557,565,566,567,571,574,575,579,580,583,585,590,593,595,596,598,600,601,604,605,606,607,608,609,613,614,615,616,619,620,621,627,633,634,635,638,641,642,644,646,651,652,656,660,661,665,666,667,669,678,679,680,681,684,685,689,690,691,693,697,698,699,700,701,702,705,709,710,711,713,715,778
0343_01038	10,11,12,15,16,17,19,24,25,26,34,38,39,144,146,147,179,180,256,257,258,284,285,286,288,294,295,300,301,333,334,341,343,345,352,354,356,357,358,359,363,364,371,372,376,377,378,379,380,384,385,388,391,394,397,413,415,417,419,420,423,430,431,432,435,438,439,442,443,447,450,451,454,458,465,466,467,468,471,478,483,487,488,491,496,501,502,504,508,516,518,521,524,525,531,532,534,539,546,550,551,553,556,557,561,565,569,571,578,579,583,585,586,587,592,593,594,596,599,600,601,602,604,608,609,610,614,617,619,622,629,634,635,636,641,645,655,657,658,661,665,666,669,675,677,678,679,680,684,689,709,710,711,717,739,753,772,780,802,816,835
0343_01039	10,11,12,15,16,17,19,20,21,24,25,34,179,181,182,186,188,189,256,257,258,259,284,285,286,287,288,294,300,306,333,334,345,346,352,353,354,356,357,359,364,366,367,371,372,373,374,375,376,377,380,382,384,385,388,390,391,393,394,397,404,406,415,417,419,421,431,435,436,442,443,446,447,448,450,451,452,454,458,460,465,466,469,471,473,474,476,477,483,484,485,488,491,492,496,499,503,505,507,517,520,521,522,524,525,531,532,539,540,541,542,543,546,547,549,550,553,556,557,561,565,566,571,573,574,576,577,578,579,583,585,586,590,593,594,595,596,597,600,601,602,604,605,608,609,614,619,622,627,629,634,635,637,639,640,641,648,653,654,655,657,658,661,665,666,667,669,675,678,679,684,709,710
0343_01040	10,11,12,13,15,16,19,20,24,25,26,38,179,180,186,187,193,194,256,258,260,284,285,286,287,288,295,300,333,334,341,342,343,345,352,353,356,357,363,364,365,371,372,376,377,378,382,383,385,391,393,394,406,417,421,431,435,438,440,442,444,447,450,452,465,471,477,491,494,496,499,502,503,504,506,517,521,525,536,542,543,546,547,549,550,551,552,553,554,557,561,565,566,571,574,575,579,580,583,584,585,586,590,592,593,595,596,598,599,600,601,604,605,607,608,609,614,615,619,620,621,624,627,629,633,634,635,637,638,641,642,644,646,648,651,652,655,656,658,661,665,666,667,669,672,675,678,679,680,681,683,684,685,689,690,693,705,709,710,711,715,722,739,765,778,785,802,828
0343_01041	10,11,12,15,16,19,144,146,147,151,154,179,180,256,257,258,259,260,284,285,286,287,300,333,341,342,345,347,352,353,356,358,359,360,367,371,372,376,377,378,380,382,385,387,388,390,391,393,394,397,400,401,404,406,410,417,419,421,432,433,435,437,438,439,442,443,444,447,449,450,451,454,462,465,471,473,477,483,485,486,488,489,491,494,495,496,499,500,503,505,507,517,520,521,524,525,528,531,536,537,539,540,542,543,546,547,548,549,550,553,554,556,557,561,565,566,567,570,571,573,574,575,577,579,580,583,585,586,590,593,595,596,597,598,600,601,603,604,605,607,608,609,612,614,615,616,619,620,621,624,627,629,633,634,635,637,638,641,642,644,652,655,656,657,658,660,661,665,666,667,669,672,673,675,678,679,680,681,684,685,692,696,703,771,834
0343_01043	10,11,12,15,19,20,21,31,34,179,180,256,284,285,287,300,305,315,333,334,340,342,345,347,353,356,357,367,371,372,375,381,382,383,385,406,408,412,417,421,431,435,441,442,444,447,453,471,491,494,499,517,521,525,536,542,543,549,553,554,557,565,571,574,575,576,579,580,582,583,585,595,596,598,600,604,605,607,609,615,619,620,624,626,635,638,640,641,642,643,652,656,661,665,667,669,672,673,678,679,680,681,685,689,690,693,699,705,709,710,711,757,820
0343_01044	10,11,12,13,15,16,19,20,21,144,146,147,179,180,256,257,258,284,285,286,287,300,302,333,334,335,341,342,345,352,353,356,357,358,359,367,371,372,375,377,382,383,385,388,391,393,394,396,406,417,419,421,424,431,432,435,438,440,442,443,444,447,450,452,455,465,471,477,491,494,496,499,503,515,517,521,524,525,531,536,539,540,542,543,546,547,549,550,553,554,556,557,559,560,565,566,571,574,575,576,579,580,581,582,583,585,586,590,593,594,595,596,598,600,601,602,604,605,607,608,609,614,619,620,622,624,625,626,627,629,634,635,638,639,640,641,642,643,644,646,651,652,653,654,656,657,658,661,665,666,667,669,672,674,678,679,680,681,684,685,689,690,691,693,699,701,702,705,709,710,711,712,741,757,804,820
0343_01047	10,11,12,13,15,16,19,20,24,25,26,38,39,179,180,186,187,256,258,284,285,286,287,288,295,300,333,334,341,342,343,345,352,353,356,357,363,364,365,371,372,376,377,378,382,383,385,391,393,394,406,417,421,431,435,438,440,442,444,447,450,452,465,471,477,491,494,496,499,502,503,504,506,517,521,525,536,542,543,546,547,549,550,551,552,553,554,557,561,565,566,571,574,575,579,580,583,584,585,586,590,592,593,595,596,598,599,600,601,604,605,607,608,609,610,614,615,619,620,621,624,627,629,633,634,635,637,638,641,642,644,646,648,651,652,655,656,658,661,665,666,667,669,672,675,678,679,680,681,683,684,685,689,690,693,705,709,710,711,722,732,744,751,765,772,785,795,807,814,828,835
0343_01048	10,11,12,13,15,19,20,21,38,179,180,186,187,256,258,284,285,286,287,295,300,333,334,340,342,343,345,346,347,352,353,356,357,363,366,367,371,372,375,382,383,385,391,393,394,406,417,418,421,428,429,431,435,440,442,444,447,452,463,471,477,491,499,502,504,517,521,525,529,536,538,541,542,543,545,549,551,553,557,565,566,567,568,571,574,575,579,580,583,585,590,592,593,595,596,598,599,600,604,605,606,607,608,609,614,615,616,619,620,621,627,631,633,635,638,641,642,644,646,647,652,656,657,660,661,663,665,667,669,678,679,680,681,684,685,689,690,692,693,697,699,700,703,705,709,710,711,715,718,736,762,778,781,799,825
0343_01049	10,11,12,15,16,17,19,179,180,181,182,186,256,257,258,284,285,286,287,300,301,333,334,341,345,352,353,356,357,358,359,360,371,372,375,376,377,380,382,385,388,390,391,397,399,404,417,419,421,423,431,432,435,438,439,440,442,443,444,447,450,451,452,454,465,468,471,473,478,483,485,486,487,488,491,495,496,500,505,507,516,517,518,519,520,521,523,524,525,531,536,537,539,540,546,548,550,553,556,557,561,565,570,571,573,577,579,580,583,585,586,593,596,597,598,600,604,608,609,612,614,617,619,634,635,641,645,646,648,655,657,658,661,665,666,669,675,678,679,680,684,685,689,693,697,705,709,710,711
0343_01052	10,11,12,15,16,17,19,20,21,34,179,180,181,182,186,256,257,258,284,285,286,287,294,300,306,333,334,345,352,353,354,356,357,359,360,367,371,372,375,376,380,381,384,385,390,391,393,394,397,404,406,415,417,419,421,431,435,439,441,442,443,444,447,451,452,453,454,458,460,466,471,473,484,485,488,491,494,505,507,517,520,521,525,532,533,536,540,549,553,554,557,561,565,571,573,574,575,579,580,583,585,595,596,597,598,600,604,605,609,619,620,624,635,637,638,641,642,648,655,656,661,665,667,669,672,673,678,679,680,681,685,689,690,693,699,705,709,710,711,758,821
0343_01055	10,11,12,13,15,16,19,20,21,24,25,26,38,179,180,186,187,256,258,284,285,286,287,288,295,300,333,334,341,342,343,345,347,352,353,356,357,363,364,365,367,371,372,376,377,378,382,383,385,391,393,394,406,417,421,431,435,438,440,442,444,447,450,452,465,471,477,491,494,496,499,502,503,504,506,517,521,525,536,542,543,546,547,549,550,551,552,553,554,557,561,565,566,568,571,574,575,579,580,583,584,585,586,590,592,593,595,596,598,599,600,601,604,605,607,608,609,614,615,619,620,621,624,627,629,633,634,635,637,638,641,642,644,646,648,651,652,655,656,658,661,663,665,666,667,669,672,675,678,679,680,681,683,684,685,689,690,693,705,709,710,711,722,751,765,785,814,828
0343_01058	10,11,12,15,16,19,20,24,25,38,179,180,186,187,256,258,284,285,286,287,288,295,300,333,334,341,342,343,345,352,353,356,357,363,364,371,372,376,377,378,382,383,385,391,393,394,406,417,421,431,435,438,440,442,444,447,450,452,465,471,477,491,494,496,499,502,503,504,517,521,525,536,542,543,546,547,549,550,551,553,554,557,561,565,566,571,574,575,579,580,583,585,586,590,592,593,595,596,598,599,600,601,604,605,607,608,609,614,619,620,624,627,629,634,635,637,638,641,642,644,646,648,651,652,655,656,658,661,665,666,667,669,670,672,673,675,678,679,680,681,683,684,685,689,690,693,705,709,710,711,722,760,785,823
0343_01063	10,11,12,13,15,16,17,19,20,21,34,130,133,179,180,181,182,186,256,257,258,284,285,286,287,294,300,306,333,334,340,341,342,345,347,352,353,354,356,357,358,359,367,371,372,375,376,377,380,381,384,385,388,390,391,393,394,397,404,406,415,417,419,421,431,432,435,438,441,442,443,444,447,450,451,452,453,454,458,460,465,466,471,473,483,484,485,488,491,494,496,503,505,507,517,520,521,524,525,531,532,533,536,539,540,546,547,549,550,553,554,556,557,561,565,568,571,573,574,575,579,580,583,585,586,593,594,595,596,597,598,600,601,602,604,605,609,614,615,619,620,622,624,629,634,635,637,638,641,642,648,655,656,658,661,663,665,666,667,669,672,673,675,678,679,680,681,685,689,690,693,699,705,709,710,711,758,821
0343_01066	10,11,12,15,16,17,19,20,21,34,35,179,181,182,186,188,189,256,257,258,259,284,285,286,287,294,300,306,333,345,346,350,352,353,354,356,359,366,367,369,371,372,373,374,375,376,377,380,382,384,385,388,390,391,393,394,397,404,406,413,415,417,419,421,435,436,442,443,446,447,448,450,451,452,454,458,460,465,466,469,471,473,474,476,477,483,484,485,488,491,492,496,499,501,503,505,507,508,517,520,521,522,524,525,531,532,533,534,539,540,541,542,543,546,547,549,550,553,556,557,561,565,566,571,573,574,576,577,578,579,583,585,586,587,590,593,594,595,596,597,600,601,602,604,605,608,609,614,619,622,627,629,634,635,637,639,640,641,648,653,654,655,657,658,659,661,665,666,667,669,675,678,679,684
0343_01067	10,11,12,15,16,17,19,20,21,34,38,179,180,181,182,186,256,257,258,284,285,286,287,294,295,300,306,333,342,343,344,345,347,352,353,354,356,359,360,362,367,371,372,375,376,380,382,383,384,385,390,391,393,394,397,404,406,415,417,419,421,435,439,442,443,447,451,452,454,458,460,466,471,473,477,484,485,488,491,499,505,507,517,520,521,525,532,533,535,540,542,543,549,552,553,557,561,565,566,571,573,574,575,579,583,585,590,595,596,597,600,604,605,607,609,615,619,620,621,627,633,635,637,638,641,642,648,652,655,656,661,665,667,669,678,679,680,681,690,763,826
0343_01069	10,11,12,15,16,17,19,20,21,34,35,144,147,179,181,182,256,257,258,259,284,285,286,287,294,300,306,333,345,350,352,353,354,356,359,360,367,369,371,372,375,376,380,381,384,385,390,391,393,394,397,404,406,413,415,417,419,421,422,435,439,441,442,443,444,447,451,452,453,454,458,460,466,471,472,473,481,484,485,488,491,494,501,505,507,508,514,517,520,521,525,532,533,536,540,549,553,554,557,561,565,571,573,574,575,579,580,583,585,587,595,596,597,598,604,605,609,620,624,635,637,638,641,642,648,655,656,659,661,665,667,669,672,678,679,681,685
0343_01070	10,11,12,15,16,19,20,24,25,26,38,39,179,180,186,187,256,258,284,285,286,287,288,295,300,333,334,341,343,345,352,353,356,357,363,365,371,372,376,377,378,385,391,393,394,417,421,431,435,438,440,442,444,447,450,452,465,471,491,494,496,502,503,504,517,521,525,536,546,547,550,551,553,554,557,561,565,571,579,580,583,585,586,592,593,596,598,599,600,601,604,608,609,614,619,624,629,634,635,637,641,644,646,648,651,655,658,661,665,666,669,672,675,678,679,680,684,685,689,693,705,709,710,711,751,753,814,816
0343_01071	10,11,12,15,16,17,38,179,181,182,256,257,284,285,286,295,333,334,343,345,346,352,356,357,359,363,366,371,372,373,374,375,376,377,385,388,391,392,397,404,417,419,420,431,435,436,439,442,443,446,447,448,450,451,454,465,471,473,483,488,491,492,496,502,503,504,507,517,520,521,522,524,525,531,539,540,541,546,547,550,551,553,556,557,565,571,577,578,579,583,585,586,592,593,594,596,597,599,600,601,604,608,609,614,619,629,634,635,641,657,658,661,665,666,669,678,679,684,709,710
0343_01078	10,11,12,15,16,19,38,39,179,180,256,284,285,286,287,295,300,333,341,343,345,352,356,363,366,371,372,375,376,377,378,385,391,392,393,394,417,421,435,438,442,447,450,452,465,471,491,496,502,503,504,517,521,525,527,530,541,546,547,550,551,553,557,561,565,571,579,583,585,586,592,593,596,599,600,601,604,608,609,614,619,629,634,635,637,641,644,646,647,655,658,661,665,666,669,675,678,679,680,684,730,751,774,793,814,837
0343_01084	10,11,12,15,16,17,19,20,38,144,149,150,179,181,182,256,257,284,285,286,295,300,301,302,333,334,343,345,346,352,356,357,359,363,366,371,372,373,374,376,377,385,388,391,392,394,395,397,399,402,404,417,419,424,431,435,436,442,443,446,447,448,450,451,454,456,465,471,473,483,488,491,492,496,502,503,504,507,517,518,520,521,522,524,525,531,539,540,541,546,547,550,551,553,556,557,561,565,570,571,577,578,579,583,585,586,592,593,594,596,597,599,600,601,604,608,609,612,614,619,629,634,635,641,655,657,658,661,665,666,669,678,679,684,709,710
0343_01088	10,11,12,13,15,16,19,20,179,180,186,187,256,258,284,285,286,287,300,301,333,334,337,341,342,345,352,353,356,357,367,371,372,375,382,383,385,391,394,395,399,406,417,421,431,435,440,442,444,447,452,465,471,477,491,494,499,516,517,519,521,523,525,536,542,543,549,550,553,554,557,565,566,571,574,575,579,580,583,585,590,593,595,596,598,600,604,605,607,608,609,614,619,620,624,627,629,634,635,638,641,642,646,652,656,657,661,665,667,669,672,673,678,679,680,681,683,684,685,687,689,690,693,697,698,699,700,705,709,710,711,713,735,736,756,757,798,799,819,820
0343_01096	10,11,12,13,15,16,19,20,179,180,186,187,256,258,284,285,286,287,300,301,333,334,337,341,345,352,353,356,357,371,372,375,385,391,394,395,399,417,421,431,435,440,442,444,447,452,465,471,491,494,516,517,519,521,523,525,536,550,553,554,557,565,571,579,580,583,585,593,596,598,600,604,608,609,614,619,624,629,634,635,641,646,657,661,665,669,672,673,678,679,680,684,685,689,693,697,698,705,709,710,711,714,735,777,798
0343_01097	10,11,12,15,16,34,144,146,147,151,153,154,179,180,256,257,258,259,260,284,285,286,294,300,333,341,345,350,352,354,356,358,359,360,366,369,371,372,374,376,377,378,380,384,385,387,388,390,391,393,394,397,400,401,404,413,417,419,422,432,435,438,439,442,443,447,448,450,451,454,465,471,473,474,475,476,481,483,485,486,488,489,490,491,492,496,500,501,503,505,507,508,509,517,520,521,522,524,525,528,531,532,534,539,540,541,546,547,548,550,553,556,557,561,565,570,571,573,577,579,583,585,586,587,593,596,597,600,601,604,608,609,612,614,619,629,634,635,637,641,644,655,657,658,661,665,666,669,675,678,679,680,684,771,834
0343_01098	10,11,12,15,16,17,34,38,144,146,147,179,181,182,256,257,284,285,286,294,295,333,334,343,345,346,350,352,354,356,357,359,363,366,369,371,372,373,374,376,377,385,388,391,392,397,404,413,417,419,420,431,435,436,442,443,446,447,448,450,451,454,465,471,473,476,483,488,490,491,492,496,502,503,504,507,508,517,520,521,522,524,525,531,539,540,541,546,547,550,551,553,556,557,565,571,577,578,579,583,585,586,592,593,594,596,597,599,600,601,604,608,609,614,619,629,634,635,641,657,658,661,665,666,669,678,679,684,709,710
0343_01106	10,11,12,15,16,19,24,25,179,181,182,256,257,284,285,286,287,288,300,333,334,345,346,352,353,356,357,359,364,366,371,372,373,374,377,385,388,391,393,394,397,404,417,419,420,421,430,431,435,436,440,442,443,444,446,447,448,450,452,454,465,471,473,483,491,492,494,496,503,507,517,521,522,524,525,529,531,536,539,540,541,546,547,550,553,554,556,557,565,571,578,579,580,581,583,585,586,593,594,596,598,601,604,608,609,614,619,624,625,629,634,635,641,646,647,657,658,661,665,666,669,672,673,674,678,679,684,685,696,709,710,711,713
0343_01109	10,11,12,13,15,16,17,19,20,21,22,34,35,179,180,181,182,186,256,257,258,284,285,286,287,294,300,306,333,334,345,346,352,353,354,356,357,359,366,367,369,371,372,375,376,377,380,381,382,384,385,388,390,391,393,394,397,404,406,415,417,419,421,431,435,441,442,443,444,447,450,451,452,453,454,458,460,465,466,471,473,477,483,484,485,488,491,494,496,499,503,505,507,517,520,521,524,525,529,531,532,533,536,539,540,542,543,546,547,549,550,553,554,556,557,561,565,566,571,573,574,575,576,579,580,583,585,586,590,593,594,595,596,597,598,600,602,604,605,608,609,614,619,620,622,624,627,629,634,635,637,638,639,640,641,642,648,653,654,655,656,658,661,665,667,669,672,673,675,678,679,680,681,684,685,689,690,693,699,700,705,709,710,711,714,737,758,777,800,821
0343_01111	10,11,12,13,15,16,19,38,144,145,179,180,186,187,256,258,284,285,286,287,295,300,333,334,339,341,343,345,346,352,356,357,363,366,371,372,376,377,378,385,391,392,393,394,417,421,431,435,438,442,447,450,452,465,471,491,496,502,503,504,517,521,525,541,546,547,550,551,553,557,561,565,571,579,583,585,586,592,593,596,599,600,601,604,608,609,614,619,629,634,635,637,641,644,646,647,655,657,658,661,665,666,669,675,678,679,680,684,689,709,710,711,718,781
0343_01115	10,11,12,15,19,20,179,180,186,187,256,258,284,285,286,287,300,333,334,342,345,353,356,357,366,371,372,375,381,382,383,385,386,391,393,394,406,417,421,431,435,442,447,452,453,471,477,491,499,517,521,525,529,541,542,543,549,553,557,560,565,566,571,574,575,579,583,585,590,595,596,600,604,605,607,609,613,619,620,623,627,635,638,641,642,647,652,656,661,665,667,669,678,679,680,681,689,690,697,699,700,709,710,711,713,736,756,757,799,819,820
0343_01118	10,11,12,15,16,17,19,20,24,25,34,38,39,144,146,147,179,180,256,257,258,284,285,286,287,288,294,295,300,301,306,333,341,343,345,352,356,359,360,363,364,366,369,371,372,375,376,377,378,380,385,390,391,392,394,397,398,404,415,417,419,421,423,435,438,439,442,443,447,450,451,452,454,458,460,465,468,471,473,478,483,485,487,488,491,496,502,503,504,505,507,516,518,519,520,521,522,525,540,541,546,547,550,551,553,557,561,565,571,573,579,583,585,586,592,593,594,596,597,599,601,602,604,608,609,610,614,619,629,634,635,637,641,644,645,646,647,648,655,658,661,665,666,669,675,678,679,680,684,730,750,753,772,793,813,816,835
0343_01119	10,11,12,15,16,19,20,38,144,146,147,179,180,256,257,258,284,285,286,287,295,301,309,333,334,335,340,342,343,345,346,347,352,353,356,363,366,367,371,372,374,375,376,380,382,383,385,390,391,397,404,406,407,417,419,423,435,442,447,448,451,454,468,471,477,485,487,488,491,492,497,499,502,504,505,516,517,518,520,521,522,525,541,542,543,549,551,553,557,561,565,566,567,568,571,572,573,574,575,579,583,585,590,592,593,595,596,597,599,600,604,605,607,609,613,614,615,618,619,620,621,627,633,635,637,638,641,642,652,655,656,660,661,663,664,665,667,669,678,679,680,681,690,709,712,723,786
0343_01124	10,11,12,13,14,19,20,21,22,144,147,179,182,183,185,186,189,193,196,200,207,284,285,287,309,333,334,336,338,340,342,345,347,348,353,367,368,375,381,406,407,417,421,431,435,441,442,444,447,453,491,517,525,536,557,564,565,568,572,574,580,582,583,595,600,611,615,618,620,638,640,641,642,643,661,662,663,664,665,667,668,679,680,681,682,685,687,689,690,691,693,694,697,698,699,701,702,705,706,709,710,711,713
0343_01127	10,11,12,13,15,16,17,19,20,21,22,27,179,180,181,182,186,188,189,193,256,257,258,259,260,284,285,286,287,333,334,342,345,352,353,356,357,359,367,371,372,375,376,377,380,381,382,383,385,388,390,391,397,404,406,417,419,421,431,435,441,442,443,444,447,450,451,453,454,465,471,473,477,483,485,488,491,494,496,499,503,505,507,517,520,521,524,525,531,536,539,540,542,543,546,547,549,550,553,554,556,557,561,565,566,571,573,574,575,576,579,580,582,583,585,586,590,594,595,596,597,598,600,602,604,605,607,609,613,614,619,620,622,624,626,627,629,635,637,638,639,640,641,642,643,652,653,654,655,656,658,661,665,667,669,672,675,678,679,680,681,685,689,690,691,693,699,701,702,705,709,710,711,741,757,804,820
0343_01128	10,11,12,15,16,19,38,179,180,256,284,285,286,287,295,300,333,334,341,343,345,352,356,357,363,366,371,372,375,376,377,378,385,391,392,393,394,417,421,431,435,438,442,447,450,452,465,471,491,496,502,503,504,517,521,525,541,546,547,550,551,553,557,561,565,571,579,583,585,586,592,593,596,599,600,601,604,608,609,614,619,629,634,635,637,641,644,646,647,655,658,661,665,666,669,675,678,679,680,684,689,709,710,711,717,751,760,780,814,823
0343_01129	10,11,12,15,16,19,20,38,179,180,186,187,256,258,284,285,286,287,295,300,333,341,342,343,345,352,353,356,363,366,371,372,375,376,377,378,382,383,385,391,392,393,394,406,417,421,435,438,442,447,450,452,465,471,477,491,496,499,502,503,504,517,521,525,541,542,543,546,547,549,550,551,553,557,561,565,566,571,574,575,579,583,585,586,590,592,593,595,596,599,600,601,604,605,607,608,609,614,615,619,620,621,627,629,633,634,635,637,638,641,642,644,646,647,652,655,656,658,661,665,666,667,669,675,678,679,680,681,683,684,690,722,723,785,786
0343_01131	10,11,15,16,17,19,20,144,147,284,285,286,287,300,301,302,333,334,336,345,346,347,352,353,366,367,375,376,391,393,394,402,406,419,424,451,456,520,529,541,561,593,597,614,615,637,638,639,644,655,683,709
0343_01134	10,11,12,13,15,16,19,20,21,24,25,26,34,47,179,180,186,187,256,258,284,285,286,287,288,294,299,300,333,334,337,341,345,350,351,352,353,354,356,357,364,369,371,372,375,377,378,385,391,393,394,413,415,417,421,431,435,438,440,442,444,447,450,452,458,460,465,466,471,491,494,496,503,508,517,521,525,536,546,547,550,553,554,557,565,571,579,580,583,585,586,587,593,596,598,600,601,604,608,609,614,619,624,629,634,635,641,644,646,657,658,661,665,666,669,672,673,678,679,680,684,685,686,688,689,693,697,698,705,709,710,711,713,717,735,756,759,780,798,819,822
0343_01135	10,11,12,15,16,19,38,179,180,181,182,186,256,257,258,284,285,286,287,295,300,333,341,343,345,346,352,356,359,363,366,371,372,373,374,376,377,378,385,388,391,393,394,397,404,417,419,421,435,436,438,442,443,446,447,448,450,452,454,465,471,473,483,491,492,496,502,503,504,507,517,521,522,524,525,531,539,540,541,546,547,550,551,553,556,557,561,565,571,578,579,583,585,586,592,593,594,596,599,600,601,602,604,608,609,614,619,622,629,634,635,637,641,644,646,655,657,658,661,665,666,669,675,678,679,680,684
0343_01137	10,11,12,13,15,16,19,20,24,25,26,38,39,179,180,186,187,256,258,284,285,286,287,288,295,300,333,334,341,342,343,345,352,353,356,357,363,364,365,371,372,376,377,378,382,383,385,391,393,394,406,417,421,431,435,438,440,442,444,447,450,452,465,471,477,491,494,496,499,502,503,504,506,517,521,525,536,542,546,547,549,550,551,552,553,554,557,561,565,566,571,574,575,579,580,583,584,585,586,590,592,593,595,596,598,599,600,601,604,605,607,608,609,614,615,619,620,621,624,627,629,633,634,635,637,638,641,642,644,646,648,651,652,655,656,658,661,665,666,667,669,672,675,678,679,680,681,683,684,685,689,690,693,705,709,710,711,722,751,753,765,785,814,816,828
0343_01138	10,11,12,13,15,16,17,24,25,26,179,180,184,185,186,187,193,256,258,284,285,286,288,300,301,333,334,335,341,345,346,352,356,357,364,366,371,372,375,376,385,391,393,394,395,399,417,419,431,432,435,442,443,447,451,454,468,471,488,491,517,518,520,521,525,529,540,541,553,556,557,561,565,571,579,583,585,594,596,597,600,604,609,614,619,635,636,641,645,655,661,665,669,678,679,680,689,709,710,711,714,777
0343_01139	10,11,12,13,14,19,20,21,22,144,147,179,182,183,186,189,193,196,200,203,207,284,285,287,309,333,334,336,338,340,342,345,347,348,353,367,368,375,381,406,407,417,421,431,435,441,442,444,447,453,491,517,525,536,557,564,565,568,572,574,580,582,583,595,600,611,615,618,620,638,640,641,642,643,661,662,663,664,665,667,668,679,680,681,682,685,687,689,690,691,693,694,697,698,699,701,702,705,706,709,710,711,713
0343_01142	10,11,12,13,14,15,19,20,21,22,144,147,179,182,183,186,189,193,284,285,286,287,302,309,333,334,336,338,340,341,342,345,347,352,353,367,375,381,396,406,407,417,419,421,431,432,435,441,442,443,444,447,453,491,517,525,536,539,540,557,564,565,568,572,574,580,582,583,595,600,611,615,618,620,638,640,641,642,643,661,662,663,664,665,667,668,679,680,681,682,685,687,689,690,691,693,694,697,698,699,701,702,705,706,709,710,711,713
0343_01143	10,11,12,15,16,17,19,20,38,179,181,182,256,257,284,285,286,295,300,302,333,334,343,345,346,352,356,357,359,363,366,371,372,373,374,375,376,377,385,388,391,392,393,394,396,397,402,404,417,419,424,431,435,436,442,443,446,447,448,450,454,455,456,465,471,473,483,491,492,496,502,503,504,507,517,521,522,524,525,529,531,539,540,541,546,547,550,551,553,556,557,561,565,571,577,578,579,583,585,586,592,593,594,596,599,600,601,604,608,609,614,619,629,634,635,637,641,655,657,658,661,665,666,669,678,679,684,709,710
0343_01147	10,11,12,15,19,20,38,179,180,181,182,186,256,257,258,284,285,286,287,295,309,333,334,341,343,345,346,352,353,356,357,358,359,363,366,371,372,373,374,375,377,378,381,385,386,387,388,391,397,404,407,417,419,421,431,432,435,436,438,441,442,443,444,446,447,448,450,453,454,465,471,473,483,491,492,494,496,502,504,507,517,521,522,524,525,531,536,539,541,546,549,550,551,553,554,556,557,565,571,574,575,577,578,579,580,581,583,585,586,592,593,596,598,599,600,601,604,608,609,614,618,619,620,624,625,629,634,635,638,639,641,642,656,657,658,661,665,666,668,669,670,672,674,678,679,680,681,684,685,689,690,693,697,698,699,705,709,710,711,718,735,751,759,760,781,798,814,822,823
0343_01148	10,11,12,13,19,20,21,144,150,179,180,185,186,187,192,193,200,256,258,284,285,287,333,334,336,340,342,345,347,353,356,357,367,371,372,375,382,383,385,406,417,421,431,433,435,442,444,447,471,477,491,494,499,517,521,525,536,542,543,545,549,553,554,557,565,566,568,571,574,575,576,579,580,582,583,585,590,595,596,598,600,604,605,607,609,615,619,620,621,624,626,627,631,633,635,638,640,641,642,643,652,654,656,661,663,665,667,669,672,673,678,679,680,681,682,685,687,689,690,691,693,694,697,698,699,700,701,702,705,706,709,710,711,713,715,720,735,736,741,757,762,778,783,798,799,804,820,825
0343_01152	10,11,12,15,16,17,19,34,144,146,147,179,180,256,257,258,284,285,286,287,294,300,301,306,333,341,345,346,352,354,356,359,366,371,372,373,374,376,377,378,384,385,388,391,393,394,417,419,421,422,423,435,436,438,442,443,446,447,448,450,452,465,471,475,478,484,491,496,497,500,503,509,512,514,516,517,521,525,533,534,546,547,548,550,553,557,561,565,570,571,579,583,585,586,593,596,600,601,604,608,609,612,614,619,629,634,635,637,641,644,646,655,658,661,665,666,669,675,678,679,680,684
0343_01154	10,11,12,13,15,19,20,24,25,26,179,180,186,187,256,258,284,285,286,287,288,300,333,334,340,342,345,346,347,352,353,356,357,364,365,366,367,371,372,375,382,383,385,391,393,394,406,417,421,431,435,440,442,444,447,452,463,465,471,477,491,499,517,521,525,529,536,538,541,542,543,549,550,553,557,565,566,567,571,574,575,579,580,583,585,590,593,595,596,600,604,605,606,607,608,609,614,615,616,619,620,621,627,629,633,634,635,638,641,642,644,646,647,652,656,657,660,661,665,667,669,678,679,680,681,684,689,690,700,709,710,711,736,799
0343_01157	10,11,12,13,15,16,17,19,20,38,39,44,144,146,147,179,180,181,182,186,256,257,258,259,260,284,285,286,287,295,298,300,301,328,331,332,333,334,341,343,345,346,352,353,356,357,358,359,363,366,371,372,373,374,375,376,377,378,379,380,385,388,391,393,394,397,404,417,419,421,423,431,432,435,436,438,439,440,442,443,444,446,447,448,450,451,452,454,465,468,471,473,478,483,485,488,491,492,494,495,496,502,503,504,507,510,516,517,518,520,521,522,524,525,529,531,536,537,539,540,541,546,547,550,551,553,554,555,556,557,561,565,570,571,577,578,579,580,581,583,585,586,592,593,594,596,597,598,599,600,601,602,603,604,608,609,610,612,614,617,619,622,624,625,629,634,635,637,641,645,646,647,655,657,658,661,665,666,669,671,672,673,674,675,678,679,680,684,685,686,689,693,698,705,709,710,711,730,735,739,759,793,798,802,822
0343_01164	10,11,12,15,16,17,19,20,21,24,25,26,38,39,179,180,181,182,186,256,257,258,284,285,286,288,295,300,302,333,334,341,343,345,346,352,356,357,359,363,364,366,371,372,373,374,376,377,378,379,380,385,388,391,393,394,396,397,402,404,417,419,424,431,435,436,438,439,442,443,446,447,448,450,451,454,455,456,465,471,473,483,485,488,491,492,496,502,503,504,507,515,520,521,522,524,525,531,539,541,546,547,548,550,551,553,556,557,559,561,565,570,571,577,578,579,583,585,586,592,593,594,596,597,599,600,601,602,604,608,609,610,612,614,619,629,634,635,637,641,649,655,657,658,661,665,666,669,675,678,679,680,684,689,709,710,711,717,730,738,750,751,760,771,772,780,793,801,813,814,823,834,835
0343_01165	10,11,12,15,16,17,19,20,24,25,34,144,146,147,179,180,181,182,186,256,257,258,259,260,284,285,286,288,294,300,301,306,333,341,345,346,352,356,358,359,365,366,371,372,373,374,375,376,377,378,380,385,388,390,391,394,397,404,415,417,419,423,432,435,436,438,442,443,446,447,448,450,451,454,458,460,465,468,469,471,473,474,476,478,483,485,487,488,491,492,496,497,503,505,507,516,517,518,520,521,522,524,525,531,539,540,541,546,547,550,553,556,557,561,565,571,573,577,579,583,585,586,593,594,596,597,600,601,602,604,608,609,614,617,619,622,629,634,635,637,641,645,655,658,661,665,666,669,675,678,679,680,684
0343_01166	10,11,12,15,16,19,24,25,179,180,256,284,285,286,287,288,300,333,334,341,345,352,356,357,364,366,371,372,375,376,377,378,385,391,392,393,394,417,421,431,435,438,442,447,450,452,465,471,491,496,503,517,521,525,541,546,547,550,553,557,561,565,571,579,583,585,586,593,596,600,601,604,608,609,614,619,629,634,635,637,641,644,646,647,655,658,661,665,666,669,675,678,679,680,684,689,709,710,711,738,801
0343_01168	10,11,12,13,15,16,19,24,25,144,146,147,179,180,186,187,256,257,258,260,284,285,286,287,288,301,309,333,334,338,342,345,346,352,353,356,357,365,366,371,372,374,376,380,385,390,391,397,404,407,417,419,423,431,435,442,447,448,451,454,468,471,485,487,488,491,492,497,505,516,517,518,520,521,522,525,541,549,553,557,561,565,567,571,573,574,575,579,583,585,593,596,597,600,604,608,609,614,618,619,620,635,637,638,641,642,655,656,660,661,665,668,669,678,679,680,681,684,689,690,697,698,699,709,710,711,713
0343_01169	10,11,12,13,15,16,19,20,38,179,180,186,187,256,258,284,285,286,287,295,300,301,333,334,337,341,343,345,352,353,356,357,363,371,372,375,385,391,394,395,399,417,421,431,435,440,442,444,447,452,465,471,491,494,502,504,516,517,519,521,523,525,536,550,551,553,554,557,565,571,579,580,583,585,592,593,596,598,599,600,604,608,609,614,619,624,629,634,635,641,646,657,661,665,669,672,673,678,679,680,684,685,689,693,705,709,710,711,718,781
0343_01170	10,11,12,15,16,17,19,20,21,34,38,144,146,147,179,181,182,256,257,258,259,284,285,286,287,294,295,300,301,306,333,334,343,345,352,353,354,356,357,359,363,366,367,371,372,375,376,377,380,381,382,384,385,388,390,391,393,394,397,404,406,415,417,419,421,423,431,435,441,442,443,444,447,450,451,452,453,454,458,460,465,466,468,469,473,476,477,478,483,484,485,488,494,496,497,499,502,503,505,507,516,520,522,524,531,532,536,539,540,541,542,543,546,547,549,550,551,554,556,561,566,573,574,576,581,586,590,594,595,597,602,605,614,617,622,625,627,629,630,637,639,640,645,648,653,654,655,658,667,670,674,675
0343_01190	10,11,12,13,19,20,21,144,145,179,180,186,187,193,194,284,285,287,309,333,334,335,336,340,342,345,347,353,367,375,381,407,421,441,444,453,536,568,572,580,583,618,638,664,680,681,682,685,689,690,691,693,697,698,699,700,702,705,709,710,711,712,713,777,778,798,799,819,820,825,840,861
0343_01191	10,11,12,13,19,20,21,144,145,179,180,186,187,193,194,284,285,287,309,333,334,335,336,340,342,345,347,353,367,375,381,407,421,441,444,453,536,568,572,580,583,618,638,664,680,681,682,685,689,690,691,693,697,698,699,700,702,705,709,710,711,712,713,777,778,798,799,819,820,825,840,861
0343_01195	10,11,12,13,19,20,21,22,34,144,145,179,180,186,187,193,194,284,285,287,309,333,334,335,336,340,342,345,347,353,367,375,381,407,409,421,441,444,453,459,460,536,572,580,583,618,638,680,681,685,689,690,691,693,697,698,699,700,702,705,709,710,711,712,713,777,778,798,799,819,820,840,861
0343_01196	10,11,12,13,15,19,20,21,144,145,179,180,186,187,193,194,284,285,286,287,300,309,333,334,335,336,340,342,345,346,347,352,353,366,367,375,381,391,393,394,407,421,440,441,444,452,453,529,536,537,541,567,572,580,583,593,603,614,618,638,644,646,647,657,660,680,681,684,685,689,690,693,697,698,699,700,705,709,710,711,712,713,777,778,798,799,819,840,861
0343_01198	10,11,12,13,15,19,20,21,144,145,179,180,186,187,193,194,284,285,286,287,300,309,333,334,335,336,340,342,345,346,347,352,353,366,367,375,381,391,393,394,407,421,440,441,444,452,453,529,536,537,541,567,572,580,583,593,603,614,618,638,644,646,647,657,660,680,681,682,684,685,689,690,693,697,698,699,700,705,709,710,711,712,713,777,778,798,799,819,820,840,861
0343_01199	10,11,12,13,15,19,20,21,144,145,179,180,186,187,193,194,284,285,286,287,300,309,333,334,335,336,340,342,345,346,347,352,353,366,367,375,381,391,393,394,407,421,440,441,444,452,453,529,536,537,541,567,572,580,583,593,603,614,618,638,644,646,647,657,660,680,681,684,685,689,690,691,693,697,698,699,700,702,705,709,710,711,712,713,777,778,798,799,819,820,840,861
0343_01200	10,11,12,13,15,19,20,21,144,145,179,180,186,187,193,194,284,285,286,287,300,309,333,334,335,336,340,342,345,346,347,352,353,366,367,375,381,391,393,394,407,421,440,441,444,452,453,529,536,537,541,567,572,580,583,593,603,614,618,638,644,646,647,657,660,680,681,684,685,689,690,693,697,698,699,700,705,709,710,711,712,713,777,778,798,799,819,820,840,861
0343_01209	10,11,12,13,15,19,20,21,34,144,145,179,180,186,187,193,194,284,285,286,287,294,300,309,333,334,335,336,340,342,345,346,347,350,352,353,354,366,367,369,375,391,393,394,407,409,415,421,440,444,452,458,459,460,466,529,536,541,568,572,580,583,593,614,618,638,644,646,647,657,664,680,681,682,684,685,689,690,691,693,697,698,699,700,702,705,709,710,711,712,713,777,778,798,799,819,820,825,840,861
0343_01210	10,11,12,13,15,19,20,21,34,144,145,179,180,186,187,193,194,284,285,286,287,294,300,309,333,334,335,336,340,342,345,346,347,350,352,353,354,366,367,369,375,391,393,394,407,409,415,421,440,444,452,458,459,460,466,529,536,541,568,572,580,583,593,614,618,638,644,646,647,657,664,680,681,682,684,685,689,690,691,693,697,698,699,700,702,705,709,710,711,712,713,777,778,798,799,819,820,825,840,861
0343_01211	10,11,12,13,15,19,20,21,34,144,145,179,180,186,187,193,194,284,285,286,287,294,300,309,333,334,335,336,340,342,345,346,347,350,352,353,354,366,367,369,375,391,393,394,407,409,415,421,440,444,452,458,459,460,466,529,536,541,568,572,580,583,593,614,618,638,644,646,647,657,664,680,681,682,684,685,689,690,691,693,697,698,699,700,702,705,709,710,711,712,713,777,778,798,799,819,820,825,840,861
0343_01212	10,11,12,13,15,19,20,21,34,144,145,179,180,186,187,193,194,284,285,286,287,294,300,309,333,334,335,336,340,342,345,346,347,350,352,353,354,366,367,369,375,391,393,394,407,409,415,421,440,444,452,458,459,460,466,529,536,541,568,572,580,583,593,614,618,638,644,646,647,657,664,680,681,682,684,685,689,690,691,693,697,698,699,700,702,705,709,710,711,712,713,777,778,798,799,819,820,825,840,861
0343_01216	10,11,12,13,19,20,21,144,145,179,180,186,187,193,194,284,285,287,309,333,334,335,336,340,342,345,347,353,367,375,381,407,421,441,444,453,536,572,580,583,618,638,680,681,685,689,690,691,693,697,698,699,700,702,705,709,710,711,712,713,777,778,798,799,819,820,840,861
0343_01217	10,11,12,13,19,20,144,145,179,180,183,186,187,193,284,285,287,309,333,334,335,336,340,342,345,347,353,367,375,381,407,417,421,435,441,442,444,447,453,491,517,525,536,557,572,580,583,600,618,638,641,661,679,680,681,685,689,690,693,697,698,699,700,705,709,710,711,712,713,777,778,798,799,819,840,861
0343_01218	10,11,15,19,20,34,179,181,182,256,257,284,285,286,294,333,345,346,352,354,356,359,366,371,372,373,374,375,377,384,385,388,391,392,397,398,404,415,417,419,435,436,442,443,446,447,448,450,454,458,459,460,465,466,471,473,482,483,491,492,496,503,507,517,521,522,524,525,531,532,533,534,539,540,541,546,547,550,553,556,557,565,571,577,578,579,583,585,586,593,596,600,601,604,608,609,614,619,629,634,635,641,657,658,661,665,666,669,678,679,684
0343_01219	10,11,15,19,20,34,179,181,182,256,257,284,285,286,294,333,345,346,352,354,356,359,366,371,372,373,374,375,377,384,385,388,391,392,397,398,404,415,417,419,435,436,442,443,446,447,448,450,454,458,459,460,465,466,471,473,482,483,491,492,496,503,507,517,521,522,524,525,531,532,533,534,539,540,541,546,547,550,553,556,557,565,571,577,578,579,583,585,586,593,596,600,601,604,608,609,614,619,629,634,635,641,657,658,661,665,666,669,678,679,684
0343_01220	10,11,12,15,19,20,34,179,181,182,256,257,284,285,286,294,333,345,346,352,354,356,359,366,371,372,373,374,375,377,384,385,388,391,392,397,398,404,415,417,419,435,436,442,443,446,447,448,450,454,458,459,460,465,466,471,473,482,483,491,492,496,503,507,517,521,522,524,525,531,532,533,534,539,540,541,546,547,550,553,556,557,565,571,577,578,579,583,585,586,593,596,600,601,604,608,609,614,619,629,634,635,641,657,658,661,665,666,669,678,679,684
0343_01221	10,11,12,15,19,20,34,179,181,182,256,257,284,285,286,294,333,345,346,352,354,356,359,366,371,372,373,374,375,377,384,385,388,391,392,397,398,404,415,417,419,435,436,442,443,446,447,448,450,454,458,459,460,465,466,471,473,482,483,491,492,496,503,507,517,521,522,524,525,531,532,533,534,539,540,541,546,547,550,553,556,557,565,571,577,578,579,583,585,586,593,596,600,601,604,608,609,614,619,629,634,635,641,657,658,661,665,666,669,678,679,684
0343_01222	10,11,12,15,19,20,34,179,181,182,256,257,284,285,286,294,333,345,346,352,354,356,359,366,371,372,373,374,375,377,384,385,388,391,392,397,398,404,415,417,419,435,436,442,443,446,447,448,450,454,458,459,460,465,466,471,473,482,483,491,492,496,503,507,517,521,522,524,525,531,532,533,534,539,540,541,546,547,550,553,556,557,565,571,577,578,579,583,585,586,593,596,600,601,604,608,609,614,619,629,634,635,641,657,658,661,665,666,669,678,679,684
0343_01223	10,11,12,15,19,20,34,179,181,182,256,257,284,285,286,294,333,345,346,352,354,356,359,366,371,372,373,374,375,377,384,385,388,391,392,397,398,404,415,417,419,435,436,442,443,446,447,448,450,454,458,459,460,465,466,471,473,482,483,491,492,496,503,507,517,521,522,524,525,531,532,533,534,539,540,541,546,547,550,553,556,557,565,571,577,578,579,583,585,586,593,596,600,601,604,608,609,614,619,629,634,635,641,657,658,661,665,666,669,678,679,680,684
0343_01224	10,11,12,15,19,20,34,179,181,182,256,257,284,285,286,294,333,345,346,352,354,356,359,366,371,372,373,374,375,377,384,385,388,391,392,397,398,404,415,417,419,435,436,442,443,446,447,448,450,454,458,459,460,465,466,471,473,482,483,491,492,496,503,507,517,521,522,524,525,531,532,533,534,539,540,541,546,547,550,553,556,557,565,571,577,578,579,583,585,586,593,596,600,601,604,608,609,614,619,629,634,635,641,657,658,661,665,666,669,678,679,680,684,689
0343_01225	10,11,12,15,19,20,34,179,181,182,256,257,284,285,286,294,333,345,346,352,354,356,359,366,371,372,373,374,375,377,384,385,388,391,392,397,398,404,415,417,419,435,436,442,443,446,447,448,450,454,458,459,460,465,466,471,473,482,483,491,492,496,503,507,517,521,522,524,525,531,532,533,534,539,540,541,546,547,550,553,556,557,565,571,577,578,579,583,585,586,593,596,600,601,604,608,609,614,619,629,634,635,641,657,658,661,665,666,669,678,679,680,684,689,697
0343_01226	10,11,12,15,19,20,34,179,181,182,256,257,284,285,286,294,333,345,346,352,354,356,359,366,371,372,373,374,375,377,384,385,388,391,392,397,398,404,415,417,419,435,436,442,443,446,447,448,450,454,458,459,460,465,466,471,473,482,483,491,492,496,503,507,517,521,522,524,525,531,532,533,534,539,540,541,546,547,550,553,556,557,565,571,577,578,579,583,585,586,593,596,600,601,604,608,609,614,619,629,634,635,641,657,658,661,665,666,669,678,679,680,684,689,697
0343_01227	10,11,12,15,19,20,34,179,181,182,256,257,284,285,286,294,333,345,346,352,354,356,359,366,371,372,373,374,375,377,384,385,388,391,392,397,398,404,415,417,419,435,436,442,443,446,447,448,450,454,458,459,460,465,466,471,473,482,483,491,492,496,503,507,517,521,522,524,525,531,532,533,534,539,540,541,546,547,550,553,556,557,565,571,577,578,579,583,585,586,593,596,600,601,604,608,609,614,619,629,634,635,641,657,658,661,665,666,669,678,679,680,684,689,697
0343_01228	10,11,12,13,15,19,20,34,179,181,182,256,257,284,285,286,294,333,345,346,352,354,356,359,366,371,372,373,374,375,377,384,385,388,391,392,397,398,404,415,417,419,435,436,442,443,446,447,448,450,454,458,459,460,465,466,471,473,482,483,491,492,496,503,507,517,521,522,524,525,531,532,533,534,539,540,541,546,547,550,553,556,557,565,571,577,578,579,583,585,586,593,596,600,601,604,608,609,614,619,629,634,635,641,657,658,661,665,666,669,678,679,680,684,689,697
0343_01229	10,11,12,13,15,19,20,34,179,181,182,256,257,284,285,286,294,333,345,346,352,354,356,359,366,371,372,373,374,375,377,384,385,388,391,392,397,398,404,415,417,419,435,436,442,443,446,447,448,450,454,458,459,460,465,466,471,473,482,483,491,492,496,503,507,517,521,522,524,525,531,532,533,534,539,540,541,546,547,550,553,556,557,565,571,577,578,579,583,585,586,593,596,600,601,604,608,609,614,619,629,634,635,641,657,658,661,665,666,669,678,679,680,684,689,697
0343_01230	10,11,12,13,15,19,20,34,179,181,182,256,257,284,285,286,294,333,345,346,352,354,356,359,366,371,372,373,374,375,377,384,385,388,391,392,397,398,404,415,417,419,435,436,442,443,446,447,448,450,454,458,459,460,465,466,471,473,482,483,491,492,496,503,507,517,521,522,524,525,531,532,533,534,539,540,541,546,547,550,553,556,557,565,571,577,578,579,583,585,586,593,596,600,601,604,608,609,614,619,629,634,635,641,657,658,661,665,666,669,678,679,680,684,689,697
0343_01231	10,11,12,13,15,19,20,34,179,181,182,256,257,284,285,286,294,333,345,346,352,354,356,359,366,371,372,373,374,375,377,384,385,388,391,392,397,398,404,415,417,419,435,436,442,443,446,447,448,450,454,458,459,460,465,466,471,473,482,483,491,492,496,503,507,517,521,522,524,525,531,532,533,534,539,540,541,546,547,550,553,556,557,565,571,577,578,579,583,585,586,593,596,600,601,604,608,609,614,619,629,634,635,641,657,658,661,665,666,669,678,679,680,684,689,697
0343_01232	10,11,12,13,15,19,20,34,179,181,182,256,257,284,285,286,294,333,345,346,352,354,356,359,366,371,372,373,374,375,377,384,385,388,391,392,397,398,404,415,417,419,435,436,442,443,446,447,448,450,454,458,459,460,465,466,471,473,482,483,491,492,496,503,507,517,521,522,524,525,531,532,533,534,539,540,541,546,547,550,553,556,557,565,571,577,578,579,583,585,586,593,596,600,601,604,608,609,614,619,629,634,635,641,657,658,661,665,666,669,678,679,680,684,689,697
0343_01233	10,11,12,13,15,19,20,34,179,181,182,256,257,284,285,286,294,333,345,346,352,354,356,359,366,371,372,373,374,375,377,384,385,388,391,392,397,398,404,415,417,419,435,436,442,443,446,447,448,450,454,458,459,460,465,466,471,473,482,483,491,492,496,503,507,517,521,522,524,525,531,532,533,534,539,540,541,546,547,550,553,556,557,565,571,577,578,579,583,585,586,593,596,600,601,604,608,609,614,619,629,634,635,641,657,658,661,665,666,669,678,679,680,684,689,697
0343_01234	10,11,12,13,15,19,20,34,179,181,182,256,257,284,285,286,294,333,345,346,352,354,356,359,366,371,372,373,374,375,377,384,385,388,391,392,397,398,404,415,417,419,435,436,442,443,446,447,448,450,454,458,459,460,465,466,471,473,482,483,491,492,496,503,507,517,521,522,524,525,531,532,533,534,539,540,541,546,547,550,553,556,557,565,571,577,578,579,583,585,586,593,596,600,601,604,608,609,614,619,629,634,635,641,657,658,661,665,666,669,678,679,680,684,689,697
0343_01235	10,11,12,13,15,19,20,34,179,181,182,256,257,284,285,286,294,333,345,346,352,354,356,359,366,371,372,373,374,375,377,384,385,388,391,392,397,398,404,415,417,419,435,436,442,443,446,447,448,450,454,458,459,460,465,466,471,473,482,483,491,492,496,503,507,517,521,522,524,525,531,532,533,534,539,540,541,546,547,550,553,556,557,565,571,577,578,579,583,585,586,593,596,600,601,604,608,609,614,619,629,634,635,641,657,658,661,665,666,669,678,679,680,684,689,697
0343_01236	10,11,12,13,15,19,20,34,179,181,182,256,257,284,285,286,294,333,345,346,352,354,356,359,366,371,372,373,374,375,377,384,385,388,391,392,397,398,404,415,417,419,435,436,442,443,446,447,448,450,454,458,459,460,465,466,471,473,482,483,491,492,496,503,507,517,521,522,524,525,531,532,533,534,539,540,541,546,547,550,553,556,557,565,571,577,578,579,583,585,586,593,596,600,601,604,608,609,614,619,629,634,635,641,657,658,661,665,666,669,678,679,680,684,689,697
0343_01237	10,11,12,13,15,19,20,34,179,181,182,256,257,284,285,286,294,333,345,346,352,354,356,359,366,371,372,373,374,375,377,384,385,388,391,392,397,398,404,415,417,419,435,436,442,443,446,447,448,450,454,458,459,460,465,466,471,473,482,483,491,492,496,503,507,517,521,522,524,525,531,532,533,534,539,540,541,546,547,550,553,556,557,565,571,577,578,579,583,585,586,593,596,600,601,604,608,609,614,619,629,634,635,641,657,658,661,665,666,669,678,679,680,684,689,697
